23,18	
14,18	
59,18	
49,18	
38,18	
39,18	
80,18	
61,18	
96,18	
87,18	
23,78	
14,78	
59,78	
49,78	
38,78	
39,78	
80,78	
61,78	
96,78	
87,78	
23,60	
14,60	
59,60	
49,60	
38,60	
39,60	
80,60	
61,60	
96,60	
87,60	
23,60	
14,60	
59,60	
49,60	
38,60	
39,60	
80,60	
61,60	
96,60	
87,60	
23,34	
14,34	
59,34	
49,34	
38,34	
39,34	
80,34	
61,34	
96,34	
87,34	
23,64	
14,64	
59,64	
49,64	
38,64	
39,64	
80,64	
61,64	
96,64	
87,64	
23,69	
14,69	
59,69	
49,69	
38,69	
39,69	
80,69	
61,69	
96,69	
87,69	
23,15	
14,15	
59,15	
49,15	
38,15	
39,15	
80,15	
61,15	
96,15	
87,15	
23,57	
14,57	
59,57	
49,57	
38,57	
39,57	
80,57	
61,57	
96,57	
87,57	
23,82	
14,82	
59,82	
49,82	
38,82	
39,82	
80,82	
61,82	
96,82	
87,82	
99,64	
22,64	
34,64	
23,64	
25,64	
28,64	
29,64	
93,64	
71,64	
96,64	
20,64	
21,64	
76,64	
99,40	
22,40	
34,40	
23,40	
25,40	
28,40	
29,40	
93,40	
71,40	
96,40	
20,40	
21,40	
76,40	
99,80	
22,80	
34,80	
23,80	
25,80	
28,80	
29,80	
93,80	
71,80	
96,80	
20,80	
21,80	
76,80	
99,57	
22,57	
34,57	
23,57	
25,57	
28,57	
29,57	
93,57	
71,57	
96,57	
20,57	
21,57	
76,57	
99,33	
22,33	
34,33	
23,33	
25,33	
28,33	
29,33	
93,33	
71,33	
96,33	
20,33	
21,33	
76,33	
99,65	
22,65	
34,65	
23,65	
25,65	
28,65	
29,65	
93,65	
71,65	
96,65	
20,65	
21,65	
76,65	
99,55	
22,55	
34,55	
23,55	
25,55	
28,55	
29,55	
93,55	
71,55	
96,55	
20,55	
21,55	
76,55	
99,98	
22,98	
34,98	
23,98	
25,98	
28,98	
29,98	
93,98	
71,98	
96,98	
20,98	
21,98	
76,98	
99,97	
22,97	
34,97	
23,97	
25,97	
28,97	
29,97	
93,97	
71,97	
96,97	
20,97	
21,97	
76,97	
99,59	
22,59	
34,59	
23,59	
25,59	
28,59	
29,59	
93,59	
71,59	
96,59	
20,59	
21,59	
76,59	
99,14	
22,14	
34,14	
23,14	
25,14	
28,14	
29,14	
93,14	
71,14	
96,14	
20,14	
21,14	
76,14	
99,59	
22,59	
34,59	
23,59	
25,59	
28,59	
29,59	
93,59	
71,59	
96,59	
20,59	
21,59	
76,59	
99,51	
22,51	
34,51	
23,51	
25,51	
28,51	
29,51	
93,51	
71,51	
96,51	
20,51	
21,51	
76,51	
99,66	
22,66	
34,66	
23,66	
25,66	
28,66	
29,66	
93,66	
71,66	
96,66	
20,66	
21,66	
76,66	
99,16	
22,16	
34,16	
23,16	
25,16	
28,16	
29,16	
93,16	
71,16	
96,16	
20,16	
21,16	
76,16	
55,82	
68,82	
29,82	
80,82	
92,82	
93,82	
82,82	
72,82	
40,82	
43,82	
55,82	
68,82	
29,82	
80,82	
92,82	
93,82	
82,82	
72,82	
40,82	
43,82	
55,29	
68,29	
29,29	
80,29	
92,29	
93,29	
82,29	
72,29	
40,29	
43,29	
55,62	
68,62	
29,62	
80,62	
92,62	
93,62	
82,62	
72,62	
40,62	
43,62	
55,35	
68,35	
29,35	
80,35	
92,35	
93,35	
82,35	
72,35	
40,35	
43,35	
55,52	
68,52	
29,52	
80,52	
92,52	
93,52	
82,52	
72,52	
40,52	
43,52	
55,17	
68,17	
29,17	
80,17	
92,17	
93,17	
82,17	
72,17	
40,17	
43,17	
55,69	
68,69	
29,69	
80,69	
92,69	
93,69	
82,69	
72,69	
40,69	
43,69	
55,40	
68,40	
29,40	
80,40	
92,40	
93,40	
82,40	
72,40	
40,40	
43,40	
55,86	
68,86	
29,86	
80,86	
92,86	
93,86	
82,86	
72,86	
40,86	
43,86	
55,37	
68,37	
29,37	
80,37	
92,37	
93,37	
82,37	
72,37	
40,37	
43,37	
55,90	
68,90	
29,90	
80,90	
92,90	
93,90	
82,90	
72,90	
40,90	
43,90	
55,43	
68,43	
29,43	
80,43	
92,43	
93,43	
82,43	
72,43	
40,43	
43,43	
55,55	
68,55	
29,55	
80,55	
92,55	
93,55	
82,55	
72,55	
40,55	
43,55	
55,24	
68,24	
29,24	
80,24	
92,24	
93,24	
82,24	
72,24	
40,24	
43,24	
55,21	
68,21	
29,21	
80,21	
92,21	
93,21	
82,21	
72,21	
40,21	
43,21	
45,27	
57,27	
58,27	
69,27	
18,27	
91,27	
83,27	
61,27	
41,27	
53,27	
97,27	
45,11	
57,11	
58,11	
69,11	
18,11	
91,11	
83,11	
61,11	
41,11	
53,11	
97,11	
45,55	
57,55	
58,55	
69,55	
18,55	
91,55	
83,55	
61,55	
41,55	
53,55	
97,55	
45,23	
57,23	
58,23	
69,23	
18,23	
91,23	
83,23	
61,23	
41,23	
53,23	
97,23	
45,79	
57,79	
58,79	
69,79	
18,79	
91,79	
83,79	
61,79	
41,79	
53,79	
97,79	
45,39	
57,39	
58,39	
69,39	
18,39	
91,39	
83,39	
61,39	
41,39	
53,39	
97,39	
45,75	
57,75	
58,75	
69,75	
18,75	
91,75	
83,75	
61,75	
41,75	
53,75	
97,75	
45,57	
57,57	
58,57	
69,57	
18,57	
91,57	
83,57	
61,57	
41,57	
53,57	
97,57	
45,43	
57,43	
58,43	
69,43	
18,43	
91,43	
83,43	
61,43	
41,43	
53,43	
97,43	
45,84	
57,84	
58,84	
69,84	
18,84	
91,84	
83,84	
61,84	
41,84	
53,84	
97,84	
45,82	
57,82	
58,82	
69,82	
18,82	
91,82	
83,82	
61,82	
41,82	
53,82	
97,82	
45,29	
57,29	
58,29	
69,29	
18,29	
91,29	
83,29	
61,29	
41,29	
53,29	
97,29	
89,74	
12,74	
25,74	
69,74	
19,74	
94,74	
83,74	
20,74	
86,74	
43,74	
89,50	
12,50	
25,50	
69,50	
19,50	
94,50	
83,50	
20,50	
86,50	
43,50	
89,58	
12,58	
25,58	
69,58	
19,58	
94,58	
83,58	
20,58	
86,58	
43,58	
89,89	
12,89	
25,89	
69,89	
19,89	
94,89	
83,89	
20,89	
86,89	
43,89	
89,22	
12,22	
25,22	
69,22	
19,22	
94,22	
83,22	
20,22	
86,22	
43,22	
88,95	
11,95	
55,95	
23,95	
67,95	
35,95	
47,95	
92,95	
62,95	
74,95	
75,95	
31,95	
88,86	
11,86	
55,86	
23,86	
67,86	
35,86	
47,86	
92,86	
62,86	
74,86	
75,86	
31,86	
88,70	
11,70	
55,70	
23,70	
67,70	
35,70	
47,70	
92,70	
62,70	
74,70	
75,70	
31,70	
88,71	
11,71	
55,71	
23,71	
67,71	
35,71	
47,71	
92,71	
62,71	
74,71	
75,71	
31,71	
88,57	
11,57	
55,57	
23,57	
67,57	
35,57	
47,57	
92,57	
62,57	
74,57	
75,57	
31,57	
88,73	
11,73	
55,73	
23,73	
67,73	
35,73	
47,73	
92,73	
62,73	
74,73	
75,73	
31,73	
88,49	
11,49	
55,49	
23,49	
67,49	
35,49	
47,49	
92,49	
62,49	
74,49	
75,49	
31,49	
88,88	
11,88	
55,88	
23,88	
67,88	
35,88	
47,88	
92,88	
62,88	
74,88	
75,88	
31,88	
88,42	
11,42	
55,42	
23,42	
67,42	
35,42	
47,42	
92,42	
62,42	
74,42	
75,42	
31,42	
77,27	
67,27	
47,27	
29,27	
90,27	
91,27	
92,27	
51,27	
75,27	
31,27	
43,27	
77,60	
67,60	
47,60	
29,60	
90,60	
91,60	
92,60	
51,60	
75,60	
31,60	
43,60	
77,58	
67,58	
47,58	
29,58	
90,58	
91,58	
92,58	
51,58	
75,58	
31,58	
43,58	
77,51	
67,51	
47,51	
29,51	
90,51	
91,51	
92,51	
51,51	
75,51	
31,51	
43,51	
77,98	
67,98	
47,98	
29,98	
90,98	
91,98	
92,98	
51,98	
75,98	
31,98	
43,98	
77,69	
67,69	
47,69	
29,69	
90,69	
91,69	
92,69	
51,69	
75,69	
31,69	
43,69	
77,35	
67,35	
47,35	
29,35	
90,35	
91,35	
92,35	
51,35	
75,35	
31,35	
43,35	
77,82	
67,82	
47,82	
29,82	
90,82	
91,82	
92,82	
51,82	
75,82	
31,82	
43,82	
77,93	
67,93	
47,93	
29,93	
90,93	
91,93	
92,93	
51,93	
75,93	
31,93	
43,93	
77,25	
67,25	
47,25	
29,25	
90,25	
91,25	
92,25	
51,25	
75,25	
31,25	
43,25	
77,15	
67,15	
47,15	
29,15	
90,15	
91,15	
92,15	
51,15	
75,15	
31,15	
43,15	
77,74	
67,74	
47,74	
29,74	
90,74	
91,74	
92,74	
51,74	
75,74	
31,74	
43,74	
77,80	
67,80	
47,80	
29,80	
90,80	
91,80	
92,80	
51,80	
75,80	
31,80	
43,80	
77,15	
67,15	
47,15	
29,15	
90,15	
91,15	
92,15	
51,15	
75,15	
31,15	
43,15	
22,95	
55,95	
88,95	
48,95	
16,95	
39,95	
71,95	
61,95	
52,95	
74,95	
42,95	
97,95	
86,95	
98,95	
22,82	
55,82	
88,82	
48,82	
16,82	
39,82	
71,82	
61,82	
52,82	
74,82	
42,82	
97,82	
86,82	
98,82	
22,41	
55,41	
88,41	
48,41	
16,41	
39,41	
71,41	
61,41	
52,41	
74,41	
42,41	
97,41	
86,41	
98,41	
22,18	
55,18	
88,18	
48,18	
16,18	
39,18	
71,18	
61,18	
52,18	
74,18	
42,18	
97,18	
86,18	
98,18	
22,19	
55,19	
88,19	
48,19	
16,19	
39,19	
71,19	
61,19	
52,19	
74,19	
42,19	
97,19	
86,19	
98,19	
22,54	
55,54	
88,54	
48,54	
16,54	
39,54	
71,54	
61,54	
52,54	
74,54	
42,54	
97,54	
86,54	
98,54	
22,12	
55,12	
88,12	
48,12	
16,12	
39,12	
71,12	
61,12	
52,12	
74,12	
42,12	
97,12	
86,12	
98,12	
22,86	
55,86	
88,86	
48,86	
16,86	
39,86	
71,86	
61,86	
52,86	
74,86	
42,86	
97,86	
86,86	
98,86	
22,86	
55,86	
88,86	
48,86	
16,86	
39,86	
71,86	
61,86	
52,86	
74,86	
42,86	
97,86	
86,86	
98,86	
22,36	
55,36	
88,36	
48,36	
16,36	
39,36	
71,36	
61,36	
52,36	
74,36	
42,36	
97,36	
86,36	
98,36	
22,39	
55,39	
88,39	
48,39	
16,39	
39,39	
71,39	
61,39	
52,39	
74,39	
42,39	
97,39	
86,39	
98,39	
11,53	
57,53	
25,53	
15,53	
48,53	
80,53	
82,53	
61,53	
43,53	
11,45	
57,45	
25,45	
15,45	
48,45	
80,45	
82,45	
61,45	
43,45	
11,90	
57,90	
25,90	
15,90	
48,90	
80,90	
82,90	
61,90	
43,90	
11,70	
57,70	
25,70	
15,70	
48,70	
80,70	
82,70	
61,70	
43,70	
11,85	
57,85	
25,85	
15,85	
48,85	
80,85	
82,85	
61,85	
43,85	
11,58	
57,58	
25,58	
15,58	
48,58	
80,58	
82,58	
61,58	
43,58	
11,97	
57,97	
25,97	
15,97	
48,97	
80,97	
82,97	
61,97	
43,97	
11,12	
57,12	
25,12	
15,12	
48,12	
80,12	
82,12	
61,12	
43,12	
11,61	
57,61	
25,61	
15,61	
48,61	
80,61	
82,61	
61,61	
43,61	
11,13	
57,13	
25,13	
15,13	
48,13	
80,13	
82,13	
61,13	
43,13	
11,93	
57,93	
25,93	
15,93	
48,93	
80,93	
82,93	
61,93	
43,93	
11,34	
57,34	
25,34	
15,34	
48,34	
80,34	
82,34	
61,34	
43,34	
11,55	
57,55	
25,55	
15,55	
48,55	
80,55	
82,55	
61,55	
43,55	
11,77	
57,77	
25,77	
15,77	
48,77	
80,77	
82,77	
61,77	
43,77	
11,16	
57,16	
25,16	
15,16	
48,16	
80,16	
82,16	
61,16	
43,16	
11,10	
57,10	
25,10	
15,10	
48,10	
80,10	
82,10	
61,10	
43,10	
11,14	
57,14	
25,14	
15,14	
48,14	
80,14	
82,14	
61,14	
43,14	
11,53	
57,53	
25,53	
15,53	
48,53	
80,53	
82,53	
61,53	
43,53	
11,15	
57,15	
25,15	
15,15	
48,15	
80,15	
82,15	
61,15	
43,15	
11,75	
57,75	
25,75	
15,75	
48,75	
80,75	
82,75	
61,75	
43,75	
11,83	
57,83	
25,83	
15,83	
48,83	
80,83	
82,83	
61,83	
43,83	
11,57	
57,57	
25,57	
15,57	
48,57	
80,57	
82,57	
61,57	
43,57	
11,23	
57,23	
25,23	
15,23	
48,23	
80,23	
82,23	
61,23	
43,23	
11,28	
57,28	
25,28	
15,28	
48,28	
80,28	
82,28	
61,28	
43,28	
55,20	
36,20	
26,20	
49,20	
17,20	
80,20	
70,20	
83,20	
64,20	
54,20	
43,20	
55,29	
36,29	
26,29	
49,29	
17,29	
80,29	
70,29	
83,29	
64,29	
54,29	
43,29	
55,97	
36,97	
26,97	
49,97	
17,97	
80,97	
70,97	
83,97	
64,97	
54,97	
43,97	
55,37	
36,37	
26,37	
49,37	
17,37	
80,37	
70,37	
83,37	
64,37	
54,37	
43,37	
55,94	
36,94	
26,94	
49,94	
17,94	
80,94	
70,94	
83,94	
64,94	
54,94	
43,94	
55,75	
36,75	
26,75	
49,75	
17,75	
80,75	
70,75	
83,75	
64,75	
54,75	
43,75	
55,37	
36,37	
26,37	
49,37	
17,37	
80,37	
70,37	
83,37	
64,37	
54,37	
43,37	
55,98	
36,98	
26,98	
49,98	
17,98	
80,98	
70,98	
83,98	
64,98	
54,98	
43,98	
55,70	
36,70	
26,70	
49,70	
17,70	
80,70	
70,70	
83,70	
64,70	
54,70	
43,70	
55,45	
36,45	
26,45	
49,45	
17,45	
80,45	
70,45	
83,45	
64,45	
54,45	
43,45	
55,49	
36,49	
26,49	
49,49	
17,49	
80,49	
70,49	
83,49	
64,49	
54,49	
43,49	
55,36	
36,36	
26,36	
49,36	
17,36	
80,36	
70,36	
83,36	
64,36	
54,36	
43,36	
55,72	
36,72	
26,72	
49,72	
17,72	
80,72	
70,72	
83,72	
64,72	
54,72	
43,72	
55,92	
36,92	
26,92	
49,92	
17,92	
80,92	
70,92	
83,92	
64,92	
54,92	
43,92	
55,67	
36,67	
26,67	
49,67	
17,67	
80,67	
70,67	
83,67	
64,67	
54,67	
43,67	
11,37	
34,37	
78,37	
56,37	
24,37	
57,37	
26,37	
59,37	
16,37	
17,37	
93,37	
72,37	
85,37	
11,80	
34,80	
78,80	
56,80	
24,80	
57,80	
26,80	
59,80	
16,80	
17,80	
93,80	
72,80	
85,80	
11,32	
34,32	
78,32	
56,32	
24,32	
57,32	
26,32	
59,32	
16,32	
17,32	
93,32	
72,32	
85,32	
11,29	
34,29	
78,29	
56,29	
24,29	
57,29	
26,29	
59,29	
16,29	
17,29	
93,29	
72,29	
85,29	
11,92	
34,92	
78,92	
56,92	
24,92	
57,92	
26,92	
59,92	
16,92	
17,92	
93,92	
72,92	
85,92	
11,16	
34,16	
78,16	
56,16	
24,16	
57,16	
26,16	
59,16	
16,16	
17,16	
93,16	
72,16	
85,16	
11,44	
34,44	
78,44	
56,44	
24,44	
57,44	
26,44	
59,44	
16,44	
17,44	
93,44	
72,44	
85,44	
11,61	
34,61	
78,61	
56,61	
24,61	
57,61	
26,61	
59,61	
16,61	
17,61	
93,61	
72,61	
85,61	
11,95	
34,95	
78,95	
56,95	
24,95	
57,95	
26,95	
59,95	
16,95	
17,95	
93,95	
72,95	
85,95	
11,58	
34,58	
78,58	
56,58	
24,58	
57,58	
26,58	
59,58	
16,58	
17,58	
93,58	
72,58	
85,58	
11,86	
34,86	
78,86	
56,86	
24,86	
57,86	
26,86	
59,86	
16,86	
17,86	
93,86	
72,86	
85,86	
11,85	
34,85	
78,85	
56,85	
24,85	
57,85	
26,85	
59,85	
16,85	
17,85	
93,85	
72,85	
85,85	
11,96	
34,96	
78,96	
56,96	
24,96	
57,96	
26,96	
59,96	
16,96	
17,96	
93,96	
72,96	
85,96	
11,47	
34,47	
78,47	
56,47	
24,47	
57,47	
26,47	
59,47	
16,47	
17,47	
93,47	
72,47	
85,47	
11,25	
34,25	
78,25	
56,25	
24,25	
57,25	
26,25	
59,25	
16,25	
17,25	
93,25	
72,25	
85,25	
11,77	
34,77	
78,77	
56,77	
24,77	
57,77	
26,77	
59,77	
16,77	
17,77	
93,77	
72,77	
85,77	
11,68	
34,68	
78,68	
56,68	
24,68	
57,68	
26,68	
59,68	
16,68	
17,68	
93,68	
72,68	
85,68	
11,66	
34,66	
78,66	
56,66	
24,66	
57,66	
26,66	
59,66	
16,66	
17,66	
93,66	
72,66	
85,66	
22,81	
77,81	
89,81	
67,81	
68,81	
46,81	
47,81	
28,81	
93,81	
41,81	
86,81	
10,81	
22,58	
77,58	
89,58	
67,58	
68,58	
46,58	
47,58	
28,58	
93,58	
41,58	
86,58	
10,58	
22,95	
77,95	
89,95	
67,95	
68,95	
46,95	
47,95	
28,95	
93,95	
41,95	
86,95	
10,95	
22,84	
77,84	
89,84	
67,84	
68,84	
46,84	
47,84	
28,84	
93,84	
41,84	
86,84	
10,84	
22,55	
77,55	
89,55	
67,55	
68,55	
46,55	
47,55	
28,55	
93,55	
41,55	
86,55	
10,55	
22,81	
77,81	
89,81	
67,81	
68,81	
46,81	
47,81	
28,81	
93,81	
41,81	
86,81	
10,81	
22,35	
77,35	
89,35	
67,35	
68,35	
46,35	
47,35	
28,35	
93,35	
41,35	
86,35	
10,35	
22,64	
77,64	
89,64	
67,64	
68,64	
46,64	
47,64	
28,64	
93,64	
41,64	
86,64	
10,64	
22,59	
77,59	
89,59	
67,59	
68,59	
46,59	
47,59	
28,59	
93,59	
41,59	
86,59	
10,59	
22,14	
77,14	
89,14	
67,14	
68,14	
46,14	
47,14	
28,14	
93,14	
41,14	
86,14	
10,14	
22,50	
77,50	
89,50	
67,50	
68,50	
46,50	
47,50	
28,50	
93,50	
41,50	
86,50	
10,50	
22,50	
77,50	
89,50	
67,50	
68,50	
46,50	
47,50	
28,50	
93,50	
41,50	
86,50	
10,50	
77,84	
55,84	
45,84	
12,84	
47,84	
18,84	
70,84	
92,84	
82,84	
86,84	
77,41	
55,41	
45,41	
12,41	
47,41	
18,41	
70,41	
92,41	
82,41	
86,41	
77,41	
55,41	
45,41	
12,41	
47,41	
18,41	
70,41	
92,41	
82,41	
86,41	
77,85	
55,85	
45,85	
12,85	
47,85	
18,85	
70,85	
92,85	
82,85	
86,85	
77,93	
55,93	
45,93	
12,93	
47,93	
18,93	
70,93	
92,93	
82,93	
86,93	
77,96	
55,96	
45,96	
12,96	
47,96	
18,96	
70,96	
92,96	
82,96	
86,96	
56,65	
48,65	
15,65	
19,65	
82,65	
71,65	
94,65	
56,71	
48,71	
15,71	
19,71	
82,71	
71,71	
94,71	
56,10	
48,10	
15,10	
19,10	
82,10	
71,10	
94,10	
56,95	
48,95	
15,95	
19,95	
82,95	
71,95	
94,95	
56,99	
48,99	
15,99	
19,99	
82,99	
71,99	
94,99	
56,31	
48,31	
15,31	
19,31	
82,31	
71,31	
94,31	
56,19	
48,19	
15,19	
19,19	
82,19	
71,19	
94,19	
56,12	
48,12	
15,12	
19,12	
82,12	
71,12	
94,12	
56,10	
48,10	
15,10	
19,10	
82,10	
71,10	
94,10	
56,44	
48,44	
15,44	
19,44	
82,44	
71,44	
94,44	
56,91	
48,91	
15,91	
19,91	
82,91	
71,91	
94,91	
56,51	
48,51	
15,51	
19,51	
82,51	
71,51	
94,51	
22,71	
78,71	
16,71	
18,71	
70,71	
93,71	
82,71	
50,71	
74,71	
53,71	
32,71	
65,71	
76,71	
22,62	
78,62	
16,62	
18,62	
70,62	
93,62	
82,62	
50,62	
74,62	
53,62	
32,62	
65,62	
76,62	
22,60	
78,60	
16,60	
18,60	
70,60	
93,60	
82,60	
50,60	
74,60	
53,60	
32,60	
65,60	
76,60	
22,40	
78,40	
16,40	
18,40	
70,40	
93,40	
82,40	
50,40	
74,40	
53,40	
32,40	
65,40	
76,40	
22,16	
78,16	
16,16	
18,16	
70,16	
93,16	
82,16	
50,16	
74,16	
53,16	
32,16	
65,16	
76,16	
22,47	
78,47	
16,47	
18,47	
70,47	
93,47	
82,47	
50,47	
74,47	
53,47	
32,47	
65,47	
76,47	
22,57	
78,57	
16,57	
18,57	
70,57	
93,57	
82,57	
50,57	
74,57	
53,57	
32,57	
65,57	
76,57	
22,84	
78,84	
16,84	
18,84	
70,84	
93,84	
82,84	
50,84	
74,84	
53,84	
32,84	
65,84	
76,84	
22,51	
78,51	
16,51	
18,51	
70,51	
93,51	
82,51	
50,51	
74,51	
53,51	
32,51	
65,51	
76,51	
22,70	
78,70	
16,70	
18,70	
70,70	
93,70	
82,70	
50,70	
74,70	
53,70	
32,70	
65,70	
76,70	
22,65	
78,65	
16,65	
18,65	
70,65	
93,65	
82,65	
50,65	
74,65	
53,65	
32,65	
65,65	
76,65	
22,58	
78,58	
16,58	
18,58	
70,58	
93,58	
82,58	
50,58	
74,58	
53,58	
32,58	
65,58	
76,58	
45,22	
36,22	
48,22	
93,22	
84,22	
52,22	
87,22	
43,22	
45,19	
36,19	
48,19	
93,19	
84,19	
52,19	
87,19	
43,19	
45,68	
36,68	
48,68	
93,68	
84,68	
52,68	
87,68	
43,68	
45,76	
36,76	
48,76	
93,76	
84,76	
52,76	
87,76	
43,76	
45,86	
36,86	
48,86	
93,86	
84,86	
52,86	
87,86	
43,86	
45,60	
36,60	
48,60	
93,60	
84,60	
52,60	
87,60	
43,60	
45,73	
36,73	
48,73	
93,73	
84,73	
52,73	
87,73	
43,73	
45,30	
36,30	
48,30	
93,30	
84,30	
52,30	
87,30	
43,30	
45,44	
36,44	
48,44	
93,44	
84,44	
52,44	
87,44	
43,44	
45,70	
36,70	
48,70	
93,70	
84,70	
52,70	
87,70	
43,70	
45,29	
36,29	
48,29	
93,29	
84,29	
52,29	
87,29	
43,29	
45,79	
36,79	
48,79	
93,79	
84,79	
52,79	
87,79	
43,79	
23,47	
46,47	
58,47	
38,47	
28,47	
80,47	
92,47	
70,47	
61,47	
95,47	
43,47	
76,47	
23,48	
46,48	
58,48	
38,48	
28,48	
80,48	
92,48	
70,48	
61,48	
95,48	
43,48	
76,48	
23,29	
46,29	
58,29	
38,29	
28,29	
80,29	
92,29	
70,29	
61,29	
95,29	
43,29	
76,29	
23,45	
46,45	
58,45	
38,45	
28,45	
80,45	
92,45	
70,45	
61,45	
95,45	
43,45	
76,45	
23,94	
46,94	
58,94	
38,94	
28,94	
80,94	
92,94	
70,94	
61,94	
95,94	
43,94	
76,94	
23,17	
46,17	
58,17	
38,17	
28,17	
80,17	
92,17	
70,17	
61,17	
95,17	
43,17	
76,17	
23,97	
46,97	
58,97	
38,97	
28,97	
80,97	
92,97	
70,97	
61,97	
95,97	
43,97	
76,97	
23,41	
46,41	
58,41	
38,41	
28,41	
80,41	
92,41	
70,41	
61,41	
95,41	
43,41	
76,41	
22,67	
99,67	
58,67	
69,67	
90,67	
93,67	
76,67	
98,67	
22,49	
99,49	
58,49	
69,49	
90,49	
93,49	
76,49	
98,49	
22,96	
99,96	
58,96	
69,96	
90,96	
93,96	
76,96	
98,96	
22,69	
99,69	
58,69	
69,69	
90,69	
93,69	
76,69	
98,69	
22,51	
99,51	
58,51	
69,51	
90,51	
93,51	
76,51	
98,51	
22,30	
99,30	
58,30	
69,30	
90,30	
93,30	
76,30	
98,30	
22,45	
99,45	
58,45	
69,45	
90,45	
93,45	
76,45	
98,45	
22,20	
99,20	
58,20	
69,20	
90,20	
93,20	
76,20	
98,20	
22,51	
99,51	
58,51	
69,51	
90,51	
93,51	
76,51	
98,51	
12,80	
47,80	
15,80	
37,80	
49,80	
72,80	
61,80	
96,80	
32,80	
12,41	
47,41	
15,41	
37,41	
49,41	
72,41	
61,41	
96,41	
32,41	
12,80	
47,80	
15,80	
37,80	
49,80	
72,80	
61,80	
96,80	
32,80	
12,17	
47,17	
15,17	
37,17	
49,17	
72,17	
61,17	
96,17	
32,17	
12,34	
47,34	
15,34	
37,34	
49,34	
72,34	
61,34	
96,34	
32,34	
12,40	
47,40	
15,40	
37,40	
49,40	
72,40	
61,40	
96,40	
32,40	
12,32	
47,32	
15,32	
37,32	
49,32	
72,32	
61,32	
96,32	
32,32	
12,22	
47,22	
15,22	
37,22	
49,22	
72,22	
61,22	
96,22	
32,22	
12,63	
47,63	
15,63	
37,63	
49,63	
72,63	
61,63	
96,63	
32,63	
12,58	
47,58	
15,58	
37,58	
49,58	
72,58	
61,58	
96,58	
32,58	
12,77	
47,77	
15,77	
37,77	
49,77	
72,77	
61,77	
96,77	
32,77	
68,13	
36,13	
59,13	
27,13	
91,13	
80,13	
81,13	
71,13	
82,13	
60,13	
83,13	
68,53	
36,53	
59,53	
27,53	
91,53	
80,53	
81,53	
71,53	
82,53	
60,53	
83,53	
68,34	
36,34	
59,34	
27,34	
91,34	
80,34	
81,34	
71,34	
82,34	
60,34	
83,34	
68,89	
36,89	
59,89	
27,89	
91,89	
80,89	
81,89	
71,89	
82,89	
60,89	
83,89	
68,33	
36,33	
59,33	
27,33	
91,33	
80,33	
81,33	
71,33	
82,33	
60,33	
83,33	
68,62	
36,62	
59,62	
27,62	
91,62	
80,62	
81,62	
71,62	
82,62	
60,62	
83,62	
68,74	
36,74	
59,74	
27,74	
91,74	
80,74	
81,74	
71,74	
82,74	
60,74	
83,74	
68,56	
36,56	
59,56	
27,56	
91,56	
80,56	
81,56	
71,56	
82,56	
60,56	
83,56	
44,69	
34,69	
47,69	
14,69	
69,69	
37,69	
18,69	
40,69	
74,69	
63,69	
64,69	
31,69	
42,69	
44,69	
34,69	
47,69	
14,69	
69,69	
37,69	
18,69	
40,69	
74,69	
63,69	
64,69	
31,69	
42,69	
44,88	
34,88	
47,88	
14,88	
69,88	
37,88	
18,88	
40,88	
74,88	
63,88	
64,88	
31,88	
42,88	
44,71	
34,71	
47,71	
14,71	
69,71	
37,71	
18,71	
40,71	
74,71	
63,71	
64,71	
31,71	
42,71	
44,22	
34,22	
47,22	
14,22	
69,22	
37,22	
18,22	
40,22	
74,22	
63,22	
64,22	
31,22	
42,22	
33,12	
66,12	
44,12	
57,12	
58,12	
47,12	
37,12	
27,12	
93,12	
50,12	
62,12	
52,12	
53,12	
32,12	
33,30	
66,30	
44,30	
57,30	
58,30	
47,30	
37,30	
27,30	
93,30	
50,30	
62,30	
52,30	
53,30	
32,30	
33,26	
66,26	
44,26	
57,26	
58,26	
47,26	
37,26	
27,26	
93,26	
50,26	
62,26	
52,26	
53,26	
32,26	
33,69	
66,69	
44,69	
57,69	
58,69	
47,69	
37,69	
27,69	
93,69	
50,69	
62,69	
52,69	
53,69	
32,69	
33,71	
66,71	
44,71	
57,71	
58,71	
47,71	
37,71	
27,71	
93,71	
50,71	
62,71	
52,71	
53,71	
32,71	
33,36	
66,36	
44,36	
57,36	
58,36	
47,36	
37,36	
27,36	
93,36	
50,36	
62,36	
52,36	
53,36	
32,36	
33,29	
66,29	
44,29	
57,29	
58,29	
47,29	
37,29	
27,29	
93,29	
50,29	
62,29	
52,29	
53,29	
32,29	
33,81	
66,81	
44,81	
57,81	
58,81	
47,81	
37,81	
27,81	
93,81	
50,81	
62,81	
52,81	
53,81	
32,81	
33,94	
66,94	
44,94	
57,94	
58,94	
47,94	
37,94	
27,94	
93,94	
50,94	
62,94	
52,94	
53,94	
32,94	
33,72	
66,72	
44,72	
57,72	
58,72	
47,72	
37,72	
27,72	
93,72	
50,72	
62,72	
52,72	
53,72	
32,72	
33,53	
66,53	
44,53	
57,53	
58,53	
47,53	
37,53	
27,53	
93,53	
50,53	
62,53	
52,53	
53,53	
32,53	
33,22	
66,22	
44,22	
57,22	
58,22	
47,22	
37,22	
27,22	
93,22	
50,22	
62,22	
52,22	
53,22	
32,22	
33,79	
66,79	
44,79	
57,79	
58,79	
47,79	
37,79	
27,79	
93,79	
50,79	
62,79	
52,79	
53,79	
32,79	
33,80	
66,80	
44,80	
57,80	
58,80	
47,80	
37,80	
27,80	
93,80	
50,80	
62,80	
52,80	
53,80	
32,80	
88,52	
36,52	
48,52	
39,52	
18,52	
29,52	
19,52	
50,52	
84,52	
30,52	
97,52	
88,40	
36,40	
48,40	
39,40	
18,40	
29,40	
19,40	
50,40	
84,40	
30,40	
97,40	
88,65	
36,65	
48,65	
39,65	
18,65	
29,65	
19,65	
50,65	
84,65	
30,65	
97,65	
88,79	
36,79	
48,79	
39,79	
18,79	
29,79	
19,79	
50,79	
84,79	
30,79	
97,79	
88,53	
36,53	
48,53	
39,53	
18,53	
29,53	
19,53	
50,53	
84,53	
30,53	
97,53	
88,37	
36,37	
48,37	
39,37	
18,37	
29,37	
19,37	
50,37	
84,37	
30,37	
97,37	
88,57	
36,57	
48,57	
39,57	
18,57	
29,57	
19,57	
50,57	
84,57	
30,57	
97,57	
88,95	
36,95	
48,95	
39,95	
18,95	
29,95	
19,95	
50,95	
84,95	
30,95	
97,95	
88,31	
36,31	
48,31	
39,31	
18,31	
29,31	
19,31	
50,31	
84,31	
30,31	
97,31	
88,81	
36,81	
48,81	
39,81	
18,81	
29,81	
19,81	
50,81	
84,81	
30,81	
97,81	
88,72	
36,72	
48,72	
39,72	
18,72	
29,72	
19,72	
50,72	
84,72	
30,72	
97,72	
88,53	
36,53	
48,53	
39,53	
18,53	
29,53	
19,53	
50,53	
84,53	
30,53	
97,53	
22,89	
34,89	
47,89	
48,89	
81,89	
93,89	
51,89	
73,89	
74,89	
86,89	
64,89	
87,89	
22,93	
34,93	
47,93	
48,93	
81,93	
93,93	
51,93	
73,93	
74,93	
86,93	
64,93	
87,93	
22,84	
34,84	
47,84	
48,84	
81,84	
93,84	
51,84	
73,84	
74,84	
86,84	
64,84	
87,84	
22,72	
34,72	
47,72	
48,72	
81,72	
93,72	
51,72	
73,72	
74,72	
86,72	
64,72	
87,72	
22,11	
34,11	
47,11	
48,11	
81,11	
93,11	
51,11	
73,11	
74,11	
86,11	
64,11	
87,11	
22,27	
34,27	
47,27	
48,27	
81,27	
93,27	
51,27	
73,27	
74,27	
86,27	
64,27	
87,27	
22,52	
34,52	
47,52	
48,52	
81,52	
93,52	
51,52	
73,52	
74,52	
86,52	
64,52	
87,52	
22,60	
34,60	
47,60	
48,60	
81,60	
93,60	
51,60	
73,60	
74,60	
86,60	
64,60	
87,60	
22,28	
34,28	
47,28	
48,28	
81,28	
93,28	
51,28	
73,28	
74,28	
86,28	
64,28	
87,28	
33,10	
11,10	
13,10	
14,10	
15,10	
38,10	
50,10	
72,10	
40,10	
30,10	
75,10	
20,10	
33,84	
11,84	
13,84	
14,84	
15,84	
38,84	
50,84	
72,84	
40,84	
30,84	
75,84	
20,84	
33,38	
11,38	
13,38	
14,38	
15,38	
38,38	
50,38	
72,38	
40,38	
30,38	
75,38	
20,38	
33,70	
11,70	
13,70	
14,70	
15,70	
38,70	
50,70	
72,70	
40,70	
30,70	
75,70	
20,70	
11,77	
79,77	
49,77	
90,77	
92,77	
11,74	
79,74	
49,74	
90,74	
92,74	
11,44	
79,44	
49,44	
90,44	
92,44	
11,67	
79,67	
49,67	
90,67	
92,67	
11,36	
79,36	
49,36	
90,36	
92,36	
11,30	
79,30	
49,30	
90,30	
92,30	
11,18	
79,18	
49,18	
90,18	
92,18	
11,43	
79,43	
49,43	
90,43	
92,43	
66,42	
11,42	
49,42	
39,42	
19,42	
60,42	
93,42	
61,42	
62,42	
73,42	
10,42	
65,42	
66,67	
11,67	
49,67	
39,67	
19,67	
60,67	
93,67	
61,67	
62,67	
73,67	
10,67	
65,67	
66,48	
11,48	
49,48	
39,48	
19,48	
60,48	
93,48	
61,48	
62,48	
73,48	
10,48	
65,48	
66,68	
11,68	
49,68	
39,68	
19,68	
60,68	
93,68	
61,68	
62,68	
73,68	
10,68	
65,68	
66,18	
11,18	
49,18	
39,18	
19,18	
60,18	
93,18	
61,18	
62,18	
73,18	
10,18	
65,18	
66,76	
11,76	
49,76	
39,76	
19,76	
60,76	
93,76	
61,76	
62,76	
73,76	
10,76	
65,76	
66,81	
11,81	
49,81	
39,81	
19,81	
60,81	
93,81	
61,81	
62,81	
73,81	
10,81	
65,81	
34,43	
12,43	
57,43	
46,43	
79,43	
69,43	
17,43	
29,43	
19,43	
91,43	
71,43	
50,43	
51,43	
42,43	
34,55	
12,55	
57,55	
46,55	
79,55	
69,55	
17,55	
29,55	
19,55	
91,55	
71,55	
50,55	
51,55	
42,55	
34,75	
12,75	
57,75	
46,75	
79,75	
69,75	
17,75	
29,75	
19,75	
91,75	
71,75	
50,75	
51,75	
42,75	
34,71	
12,71	
57,71	
46,71	
79,71	
69,71	
17,71	
29,71	
19,71	
91,71	
71,71	
50,71	
51,71	
42,71	
34,61	
12,61	
57,61	
46,61	
79,61	
69,61	
17,61	
29,61	
19,61	
91,61	
71,61	
50,61	
51,61	
42,61	
34,67	
12,67	
57,67	
46,67	
79,67	
69,67	
17,67	
29,67	
19,67	
91,67	
71,67	
50,67	
51,67	
42,67	
34,64	
12,64	
57,64	
46,64	
79,64	
69,64	
17,64	
29,64	
19,64	
91,64	
71,64	
50,64	
51,64	
42,64	
34,85	
12,85	
57,85	
46,85	
79,85	
69,85	
17,85	
29,85	
19,85	
91,85	
71,85	
50,85	
51,85	
42,85	
34,41	
12,41	
57,41	
46,41	
79,41	
69,41	
17,41	
29,41	
19,41	
91,41	
71,41	
50,41	
51,41	
42,41	
34,20	
12,20	
57,20	
46,20	
79,20	
69,20	
17,20	
29,20	
19,20	
91,20	
71,20	
50,20	
51,20	
42,20	
34,88	
12,88	
57,88	
46,88	
79,88	
69,88	
17,88	
29,88	
19,88	
91,88	
71,88	
50,88	
51,88	
42,88	
34,86	
12,86	
57,86	
46,86	
79,86	
69,86	
17,86	
29,86	
19,86	
91,86	
71,86	
50,86	
51,86	
42,86	
34,54	
12,54	
57,54	
46,54	
79,54	
69,54	
17,54	
29,54	
19,54	
91,54	
71,54	
50,54	
51,54	
42,54	
55,39	
99,39	
57,39	
47,39	
29,39	
50,39	
73,39	
96,39	
42,39	
64,39	
55,96	
99,96	
57,96	
47,96	
29,96	
50,96	
73,96	
96,96	
42,96	
64,96	
55,60	
99,60	
57,60	
47,60	
29,60	
50,60	
73,60	
96,60	
42,60	
64,60	
55,77	
99,77	
57,77	
47,77	
29,77	
50,77	
73,77	
96,77	
42,77	
64,77	
55,33	
99,33	
57,33	
47,33	
29,33	
50,33	
73,33	
96,33	
42,33	
64,33	
55,96	
99,96	
57,96	
47,96	
29,96	
50,96	
73,96	
96,96	
42,96	
64,96	
55,72	
99,72	
57,72	
47,72	
29,72	
50,72	
73,72	
96,72	
42,72	
64,72	
55,19	
99,19	
57,19	
47,19	
29,19	
50,19	
73,19	
96,19	
42,19	
64,19	
55,49	
99,49	
57,49	
47,49	
29,49	
50,49	
73,49	
96,49	
42,49	
64,49	
55,13	
99,13	
57,13	
47,13	
29,13	
50,13	
73,13	
96,13	
42,13	
64,13	
55,99	
99,99	
57,99	
47,99	
29,99	
50,99	
73,99	
96,99	
42,99	
64,99	
55,30	
99,30	
57,30	
47,30	
29,30	
50,30	
73,30	
96,30	
42,30	
64,30	
11,26	
33,26	
88,26	
68,26	
69,26	
59,26	
49,26	
27,26	
18,26	
91,26	
60,26	
72,26	
95,26	
51,26	
52,26	
63,26	
31,26	
97,26	
11,93	
33,93	
88,93	
68,93	
69,93	
59,93	
49,93	
27,93	
18,93	
91,93	
60,93	
72,93	
95,93	
51,93	
52,93	
63,93	
31,93	
97,93	
11,95	
33,95	
88,95	
68,95	
69,95	
59,95	
49,95	
27,95	
18,95	
91,95	
60,95	
72,95	
95,95	
51,95	
52,95	
63,95	
31,95	
97,95	
11,90	
33,90	
88,90	
68,90	
69,90	
59,90	
49,90	
27,90	
18,90	
91,90	
60,90	
72,90	
95,90	
51,90	
52,90	
63,90	
31,90	
97,90	
11,41	
33,41	
88,41	
68,41	
69,41	
59,41	
49,41	
27,41	
18,41	
91,41	
60,41	
72,41	
95,41	
51,41	
52,41	
63,41	
31,41	
97,41	
11,50	
33,50	
88,50	
68,50	
69,50	
59,50	
49,50	
27,50	
18,50	
91,50	
60,50	
72,50	
95,50	
51,50	
52,50	
63,50	
31,50	
97,50	
11,78	
33,78	
88,78	
68,78	
69,78	
59,78	
49,78	
27,78	
18,78	
91,78	
60,78	
72,78	
95,78	
51,78	
52,78	
63,78	
31,78	
97,78	
11,67	
33,67	
88,67	
68,67	
69,67	
59,67	
49,67	
27,67	
18,67	
91,67	
60,67	
72,67	
95,67	
51,67	
52,67	
63,67	
31,67	
97,67	
11,69	
33,69	
88,69	
68,69	
69,69	
59,69	
49,69	
27,69	
18,69	
91,69	
60,69	
72,69	
95,69	
51,69	
52,69	
63,69	
31,69	
97,69	
11,90	
33,90	
88,90	
68,90	
69,90	
59,90	
49,90	
27,90	
18,90	
91,90	
60,90	
72,90	
95,90	
51,90	
52,90	
63,90	
31,90	
97,90	
11,13	
33,13	
88,13	
68,13	
69,13	
59,13	
49,13	
27,13	
18,13	
91,13	
60,13	
72,13	
95,13	
51,13	
52,13	
63,13	
31,13	
97,13	
11,18	
33,18	
88,18	
68,18	
69,18	
59,18	
49,18	
27,18	
18,18	
91,18	
60,18	
72,18	
95,18	
51,18	
52,18	
63,18	
31,18	
97,18	
11,98	
12,98	
78,98	
46,98	
13,98	
16,98	
29,98	
61,98	
63,98	
96,98	
43,98	
11,83	
12,83	
78,83	
46,83	
13,83	
16,83	
29,83	
61,83	
63,83	
96,83	
43,83	
11,53	
12,53	
78,53	
46,53	
13,53	
16,53	
29,53	
61,53	
63,53	
96,53	
43,53	
11,14	
12,14	
78,14	
46,14	
13,14	
16,14	
29,14	
61,14	
63,14	
96,14	
43,14	
11,26	
12,26	
78,26	
46,26	
13,26	
16,26	
29,26	
61,26	
63,26	
96,26	
43,26	
11,51	
12,51	
78,51	
46,51	
13,51	
16,51	
29,51	
61,51	
63,51	
96,51	
43,51	
11,14	
12,14	
78,14	
46,14	
13,14	
16,14	
29,14	
61,14	
63,14	
96,14	
43,14	
11,95	
12,95	
78,95	
46,95	
13,95	
16,95	
29,95	
61,95	
63,95	
96,95	
43,95	
11,65	
12,65	
78,65	
46,65	
13,65	
16,65	
29,65	
61,65	
63,65	
96,65	
43,65	
11,68	
12,68	
78,68	
46,68	
13,68	
16,68	
29,68	
61,68	
63,68	
96,68	
43,68	
55,47	
46,47	
26,47	
15,47	
16,47	
82,47	
83,47	
72,47	
62,47	
20,47	
53,47	
32,47	
21,47	
55,98	
46,98	
26,98	
15,98	
16,98	
82,98	
83,98	
72,98	
62,98	
20,98	
53,98	
32,98	
21,98	
55,90	
46,90	
26,90	
15,90	
16,90	
82,90	
83,90	
72,90	
62,90	
20,90	
53,90	
32,90	
21,90	
55,15	
46,15	
26,15	
15,15	
16,15	
82,15	
83,15	
72,15	
62,15	
20,15	
53,15	
32,15	
21,15	
55,22	
46,22	
26,22	
15,22	
16,22	
82,22	
83,22	
72,22	
62,22	
20,22	
53,22	
32,22	
21,22	
55,57	
46,57	
26,57	
15,57	
16,57	
82,57	
83,57	
72,57	
62,57	
20,57	
53,57	
32,57	
21,57	
55,67	
46,67	
26,67	
15,67	
16,67	
82,67	
83,67	
72,67	
62,67	
20,67	
53,67	
32,67	
21,67	
55,69	
46,69	
26,69	
15,69	
16,69	
82,69	
83,69	
72,69	
62,69	
20,69	
53,69	
32,69	
21,69	
55,99	
46,99	
26,99	
15,99	
16,99	
82,99	
83,99	
72,99	
62,99	
20,99	
53,99	
32,99	
21,99	
55,27	
46,27	
26,27	
15,27	
16,27	
82,27	
83,27	
72,27	
62,27	
20,27	
53,27	
32,27	
21,27	
55,60	
46,60	
26,60	
15,60	
16,60	
82,60	
83,60	
72,60	
62,60	
20,60	
53,60	
32,60	
21,60	
55,87	
46,87	
26,87	
15,87	
16,87	
82,87	
83,87	
72,87	
62,87	
20,87	
53,87	
32,87	
21,87	
88,60	
77,60	
23,60	
46,60	
47,60	
49,60	
88,65	
77,65	
23,65	
46,65	
47,65	
49,65	
88,73	
77,73	
23,73	
46,73	
47,73	
49,73	
88,56	
23,56	
57,56	
37,56	
16,56	
49,56	
39,56	
90,56	
70,56	
83,56	
72,56	
84,56	
74,56	
96,56	
21,56	
88,34	
23,34	
57,34	
37,34	
16,34	
49,34	
39,34	
90,34	
70,34	
83,34	
72,34	
84,34	
74,34	
96,34	
21,34	
88,87	
23,87	
57,87	
37,87	
16,87	
49,87	
39,87	
90,87	
70,87	
83,87	
72,87	
84,87	
74,87	
96,87	
21,87	
88,65	
23,65	
57,65	
37,65	
16,65	
49,65	
39,65	
90,65	
70,65	
83,65	
72,65	
84,65	
74,65	
96,65	
21,65	
88,48	
23,48	
57,48	
37,48	
16,48	
49,48	
39,48	
90,48	
70,48	
83,48	
72,48	
84,48	
74,48	
96,48	
21,48	
88,96	
23,96	
57,96	
37,96	
16,96	
49,96	
39,96	
90,96	
70,96	
83,96	
72,96	
84,96	
74,96	
96,96	
21,96	
88,94	
23,94	
57,94	
37,94	
16,94	
49,94	
39,94	
90,94	
70,94	
83,94	
72,94	
84,94	
74,94	
96,94	
21,94	
88,34	
23,34	
57,34	
37,34	
16,34	
49,34	
39,34	
90,34	
70,34	
83,34	
72,34	
84,34	
74,34	
96,34	
21,34	
88,57	
23,57	
57,57	
37,57	
16,57	
49,57	
39,57	
90,57	
70,57	
83,57	
72,57	
84,57	
74,57	
96,57	
21,57	
88,30	
23,30	
57,30	
37,30	
16,30	
49,30	
39,30	
90,30	
70,30	
83,30	
72,30	
84,30	
74,30	
96,30	
21,30	
88,27	
23,27	
57,27	
37,27	
16,27	
49,27	
39,27	
90,27	
70,27	
83,27	
72,27	
84,27	
74,27	
96,27	
21,27	
88,66	
23,66	
57,66	
37,66	
16,66	
49,66	
39,66	
90,66	
70,66	
83,66	
72,66	
84,66	
74,66	
96,66	
21,66	
88,47	
23,47	
57,47	
37,47	
16,47	
49,47	
39,47	
90,47	
70,47	
83,47	
72,47	
84,47	
74,47	
96,47	
21,47	
88,30	
23,30	
57,30	
37,30	
16,30	
49,30	
39,30	
90,30	
70,30	
83,30	
72,30	
84,30	
74,30	
96,30	
21,30	
88,74	
23,74	
57,74	
37,74	
16,74	
49,74	
39,74	
90,74	
70,74	
83,74	
72,74	
84,74	
74,74	
96,74	
21,74	
33,83	
89,83	
35,83	
37,83	
54,83	
43,83	
33,76	
89,76	
35,76	
37,76	
54,76	
43,76	
33,91	
89,91	
35,91	
37,91	
54,91	
43,91	
33,81	
89,81	
35,81	
37,81	
54,81	
43,81	
33,33	
89,33	
35,33	
37,33	
54,33	
43,33	
99,10	
78,10	
34,10	
15,10	
37,10	
17,10	
92,10	
85,10	
99,47	
78,47	
34,47	
15,47	
37,47	
17,47	
92,47	
85,47	
99,20	
78,20	
34,20	
15,20	
37,20	
17,20	
92,20	
85,20	
99,99	
78,99	
34,99	
15,99	
37,99	
17,99	
92,99	
85,99	
99,96	
78,96	
34,96	
15,96	
37,96	
17,96	
92,96	
85,96	
99,11	
78,11	
34,11	
15,11	
37,11	
17,11	
92,11	
85,11	
99,76	
78,76	
34,76	
15,76	
37,76	
17,76	
92,76	
85,76	
99,98	
78,98	
34,98	
15,98	
37,98	
17,98	
92,98	
85,98	
99,31	
78,31	
34,31	
15,31	
37,31	
17,31	
92,31	
85,31	
99,99	
78,99	
34,99	
15,99	
37,99	
17,99	
92,99	
85,99	
99,28	
78,28	
34,28	
15,28	
37,28	
17,28	
92,28	
85,28	
23,36	
16,36	
39,36	
73,36	
41,36	
23,60	
16,60	
39,60	
73,60	
41,60	
23,23	
16,23	
39,23	
73,23	
41,23	
23,37	
16,37	
39,37	
73,37	
41,37	
23,84	
16,84	
39,84	
73,84	
41,84	
23,96	
16,96	
39,96	
73,96	
41,96	
23,78	
16,78	
39,78	
73,78	
41,78	
23,71	
16,71	
39,71	
73,71	
41,71	
23,65	
16,65	
39,65	
73,65	
41,65	
23,52	
16,52	
39,52	
73,52	
41,52	
78,68	
58,68	
15,68	
38,68	
39,68	
83,68	
20,68	
78,46	
58,46	
15,46	
38,46	
39,46	
83,46	
20,46	
78,73	
58,73	
15,73	
38,73	
39,73	
83,73	
20,73	
78,56	
58,56	
15,56	
38,56	
39,56	
83,56	
20,56	
78,67	
58,67	
15,67	
38,67	
39,67	
83,67	
20,67	
78,77	
58,77	
15,77	
38,77	
39,77	
83,77	
20,77	
78,61	
58,61	
15,61	
38,61	
39,61	
83,61	
20,61	
78,24	
58,24	
15,24	
38,24	
39,24	
83,24	
20,24	
78,57	
58,57	
15,57	
38,57	
39,57	
83,57	
20,57	
78,69	
58,69	
15,69	
38,69	
39,69	
83,69	
20,69	
78,30	
58,30	
15,30	
38,30	
39,30	
83,30	
20,30	
33,59	
66,59	
25,59	
69,59	
61,59	
73,59	
84,59	
97,59	
33,71	
66,71	
25,71	
69,71	
61,71	
73,71	
84,71	
97,71	
33,89	
66,89	
25,89	
69,89	
61,89	
73,89	
84,89	
97,89	
33,23	
66,23	
25,23	
69,23	
61,23	
73,23	
84,23	
97,23	
33,75	
66,75	
25,75	
69,75	
61,75	
73,75	
84,75	
97,75	
33,38	
66,38	
25,38	
69,38	
61,38	
73,38	
84,38	
97,38	
33,15	
66,15	
25,15	
69,15	
61,15	
73,15	
84,15	
97,15	
33,87	
66,87	
25,87	
69,87	
61,87	
73,87	
84,87	
97,87	
33,12	
66,12	
25,12	
69,12	
61,12	
73,12	
84,12	
97,12	
33,95	
66,95	
25,95	
69,95	
61,95	
73,95	
84,95	
97,95	
33,40	
66,40	
25,40	
69,40	
61,40	
73,40	
84,40	
97,40	
77,66	
68,66	
57,66	
19,66	
71,66	
50,66	
86,66	
43,66	
87,66	
77,55	
68,55	
57,55	
19,55	
71,55	
50,55	
86,55	
43,55	
87,55	
77,23	
68,23	
57,23	
19,23	
71,23	
50,23	
86,23	
43,23	
87,23	
77,47	
68,47	
57,47	
19,47	
71,47	
50,47	
86,47	
43,47	
87,47	
77,36	
68,36	
57,36	
19,36	
71,36	
50,36	
86,36	
43,36	
87,36	
77,70	
68,70	
57,70	
19,70	
71,70	
50,70	
86,70	
43,70	
87,70	
77,11	
68,11	
57,11	
19,11	
71,11	
50,11	
86,11	
43,11	
87,11	
77,36	
68,36	
57,36	
19,36	
71,36	
50,36	
86,36	
43,36	
87,36	
77,62	
68,62	
57,62	
19,62	
71,62	
50,62	
86,62	
43,62	
87,62	
77,13	
68,13	
57,13	
19,13	
71,13	
50,13	
86,13	
43,13	
87,13	
77,39	
68,39	
57,39	
19,39	
71,39	
50,39	
86,39	
43,39	
87,39	
77,27	
68,27	
57,27	
19,27	
71,27	
50,27	
86,27	
43,27	
87,27	
44,32	
12,32	
57,32	
14,32	
25,32	
69,32	
47,32	
29,32	
80,32	
83,32	
42,32	
54,32	
44,94	
12,94	
57,94	
14,94	
25,94	
69,94	
47,94	
29,94	
80,94	
83,94	
42,94	
54,94	
44,31	
12,31	
57,31	
14,31	
25,31	
69,31	
47,31	
29,31	
80,31	
83,31	
42,31	
54,31	
44,95	
12,95	
57,95	
14,95	
25,95	
69,95	
47,95	
29,95	
80,95	
83,95	
42,95	
54,95	
44,35	
12,35	
57,35	
14,35	
25,35	
69,35	
47,35	
29,35	
80,35	
83,35	
42,35	
54,35	
44,54	
12,54	
57,54	
14,54	
25,54	
69,54	
47,54	
29,54	
80,54	
83,54	
42,54	
54,54	
44,94	
12,94	
57,94	
14,94	
25,94	
69,94	
47,94	
29,94	
80,94	
83,94	
42,94	
54,94	
44,14	
12,14	
57,14	
14,14	
25,14	
69,14	
47,14	
29,14	
80,14	
83,14	
42,14	
54,14	
99,65	
11,65	
88,65	
55,65	
23,65	
35,65	
25,65	
36,65	
48,65	
59,65	
19,65	
62,65	
76,65	
99,52	
11,52	
88,52	
55,52	
23,52	
35,52	
25,52	
36,52	
48,52	
59,52	
19,52	
62,52	
76,52	
99,18	
11,18	
88,18	
55,18	
23,18	
35,18	
25,18	
36,18	
48,18	
59,18	
19,18	
62,18	
76,18	
99,23	
11,23	
88,23	
55,23	
23,23	
35,23	
25,23	
36,23	
48,23	
59,23	
19,23	
62,23	
76,23	
99,42	
11,42	
88,42	
55,42	
23,42	
35,42	
25,42	
36,42	
48,42	
59,42	
19,42	
62,42	
76,42	
99,82	
11,82	
88,82	
55,82	
23,82	
35,82	
25,82	
36,82	
48,82	
59,82	
19,82	
62,82	
76,82	
99,80	
11,80	
88,80	
55,80	
23,80	
35,80	
25,80	
36,80	
48,80	
59,80	
19,80	
62,80	
76,80	
99,61	
11,61	
88,61	
55,61	
23,61	
35,61	
25,61	
36,61	
48,61	
59,61	
19,61	
62,61	
76,61	
68,72	
37,72	
18,72	
91,72	
92,72	
41,72	
65,72	
68,95	
37,95	
18,95	
91,95	
92,95	
41,95	
65,95	
68,25	
37,25	
18,25	
91,25	
92,25	
41,25	
65,25	
68,75	
37,75	
18,75	
91,75	
92,75	
41,75	
65,75	
68,91	
37,91	
18,91	
91,91	
92,91	
41,91	
65,91	
68,92	
37,92	
18,92	
91,92	
92,92	
41,92	
65,92	
68,33	
37,33	
18,33	
91,33	
92,33	
41,33	
65,33	
68,70	
37,70	
18,70	
91,70	
92,70	
41,70	
65,70	
68,36	
37,36	
18,36	
91,36	
92,36	
41,36	
65,36	
68,79	
37,79	
18,79	
91,79	
92,79	
41,79	
65,79	
88,29	
46,29	
69,29	
95,29	
20,29	
10,29	
32,29	
88,44	
46,44	
69,44	
95,44	
20,44	
10,44	
32,44	
88,24	
46,24	
69,24	
95,24	
20,24	
10,24	
32,24	
88,84	
46,84	
69,84	
95,84	
20,84	
10,84	
32,84	
88,57	
46,57	
69,57	
95,57	
20,57	
10,57	
32,57	
88,25	
46,25	
69,25	
95,25	
20,25	
10,25	
32,25	
88,25	
46,25	
69,25	
95,25	
20,25	
10,25	
32,25	
88,87	
46,87	
69,87	
95,87	
20,87	
10,87	
32,87	
88,67	
46,67	
69,67	
95,67	
20,67	
10,67	
32,67	
44,10	
12,10	
78,10	
69,10	
37,10	
50,10	
74,10	
53,10	
43,10	
87,10	
44,15	
12,15	
78,15	
69,15	
37,15	
50,15	
74,15	
53,15	
43,15	
87,15	
44,66	
12,66	
78,66	
69,66	
37,66	
50,66	
74,66	
53,66	
43,66	
87,66	
44,59	
12,59	
78,59	
69,59	
37,59	
50,59	
74,59	
53,59	
43,59	
87,59	
44,69	
12,69	
78,69	
69,69	
37,69	
50,69	
74,69	
53,69	
43,69	
87,69	
44,98	
12,98	
78,98	
69,98	
37,98	
50,98	
74,98	
53,98	
43,98	
87,98	
12,59	
68,59	
48,59	
16,59	
39,59	
17,59	
92,59	
60,59	
94,59	
51,59	
95,59	
85,59	
53,59	
87,59	
76,59	
12,57	
68,57	
48,57	
16,57	
39,57	
17,57	
92,57	
60,57	
94,57	
51,57	
95,57	
85,57	
53,57	
87,57	
76,57	
12,46	
68,46	
48,46	
16,46	
39,46	
17,46	
92,46	
60,46	
94,46	
51,46	
95,46	
85,46	
53,46	
87,46	
76,46	
12,83	
68,83	
48,83	
16,83	
39,83	
17,83	
92,83	
60,83	
94,83	
51,83	
95,83	
85,83	
53,83	
87,83	
76,83	
12,37	
68,37	
48,37	
16,37	
39,37	
17,37	
92,37	
60,37	
94,37	
51,37	
95,37	
85,37	
53,37	
87,37	
76,37	
12,67	
68,67	
48,67	
16,67	
39,67	
17,67	
92,67	
60,67	
94,67	
51,67	
95,67	
85,67	
53,67	
87,67	
76,67	
12,96	
68,96	
48,96	
16,96	
39,96	
17,96	
92,96	
60,96	
94,96	
51,96	
95,96	
85,96	
53,96	
87,96	
76,96	
12,10	
68,10	
48,10	
16,10	
39,10	
17,10	
92,10	
60,10	
94,10	
51,10	
95,10	
85,10	
53,10	
87,10	
76,10	
12,89	
68,89	
48,89	
16,89	
39,89	
17,89	
92,89	
60,89	
94,89	
51,89	
95,89	
85,89	
53,89	
87,89	
76,89	
12,23	
68,23	
48,23	
16,23	
39,23	
17,23	
92,23	
60,23	
94,23	
51,23	
95,23	
85,23	
53,23	
87,23	
76,23	
12,22	
68,22	
48,22	
16,22	
39,22	
17,22	
92,22	
60,22	
94,22	
51,22	
95,22	
85,22	
53,22	
87,22	
76,22	
12,93	
68,93	
48,93	
16,93	
39,93	
17,93	
92,93	
60,93	
94,93	
51,93	
95,93	
85,93	
53,93	
87,93	
76,93	
12,22	
68,22	
48,22	
16,22	
39,22	
17,22	
92,22	
60,22	
94,22	
51,22	
95,22	
85,22	
53,22	
87,22	
76,22	
12,30	
68,30	
48,30	
16,30	
39,30	
17,30	
92,30	
60,30	
94,30	
51,30	
95,30	
85,30	
53,30	
87,30	
76,30	
88,34	
89,34	
24,34	
58,34	
90,34	
60,34	
61,34	
63,34	
32,34	
88,85	
89,85	
24,85	
58,85	
90,85	
60,85	
61,85	
63,85	
32,85	
88,35	
89,35	
24,35	
58,35	
90,35	
60,35	
61,35	
63,35	
32,35	
88,31	
89,31	
24,31	
58,31	
90,31	
60,31	
61,31	
63,31	
32,31	
88,34	
89,34	
24,34	
58,34	
90,34	
60,34	
61,34	
63,34	
32,34	
88,44	
89,44	
24,44	
58,44	
90,44	
60,44	
61,44	
63,44	
32,44	
88,95	
89,95	
24,95	
58,95	
90,95	
60,95	
61,95	
63,95	
32,95	
88,18	
89,18	
24,18	
58,18	
90,18	
60,18	
61,18	
63,18	
32,18	
22,76	
45,76	
27,76	
40,76	
62,76	
96,76	
86,76	
75,76	
20,76	
31,76	
32,76	
98,76	
76,76	
21,76	
22,13	
45,13	
27,13	
40,13	
62,13	
96,13	
86,13	
75,13	
20,13	
31,13	
32,13	
98,13	
76,13	
21,13	
22,97	
45,97	
27,97	
40,97	
62,97	
96,97	
86,97	
75,97	
20,97	
31,97	
32,97	
98,97	
76,97	
21,97	
22,68	
45,68	
27,68	
40,68	
62,68	
96,68	
86,68	
75,68	
20,68	
31,68	
32,68	
98,68	
76,68	
21,68	
22,41	
45,41	
27,41	
40,41	
62,41	
96,41	
86,41	
75,41	
20,41	
31,41	
32,41	
98,41	
76,41	
21,41	
44,92	
47,92	
27,92	
44,64	
47,64	
27,64	
44,76	
47,76	
27,76	
44,99	
47,99	
27,99	
44,68	
47,68	
27,68	
44,51	
47,51	
27,51	
44,66	
47,66	
27,66	
44,48	
47,48	
27,48	
44,43	
47,43	
27,43	
44,80	
47,80	
27,80	
12,44	
13,44	
47,44	
90,44	
61,44	
50,44	
63,44	
75,44	
98,44	
21,44	
65,44	
10,44	
12,87	
13,87	
47,87	
90,87	
61,87	
50,87	
63,87	
75,87	
98,87	
21,87	
65,87	
10,87	
12,88	
13,88	
47,88	
90,88	
61,88	
50,88	
63,88	
75,88	
98,88	
21,88	
65,88	
10,88	
12,86	
13,86	
47,86	
90,86	
61,86	
50,86	
63,86	
75,86	
98,86	
21,86	
65,86	
10,86	
12,68	
13,68	
47,68	
90,68	
61,68	
50,68	
63,68	
75,68	
98,68	
21,68	
65,68	
10,68	
12,29	
13,29	
47,29	
90,29	
61,29	
50,29	
63,29	
75,29	
98,29	
21,29	
65,29	
10,29	
12,53	
13,53	
47,53	
90,53	
61,53	
50,53	
63,53	
75,53	
98,53	
21,53	
65,53	
10,53	
12,78	
13,78	
47,78	
90,78	
61,78	
50,78	
63,78	
75,78	
98,78	
21,78	
65,78	
10,78	
12,84	
13,84	
47,84	
90,84	
61,84	
50,84	
63,84	
75,84	
98,84	
21,84	
65,84	
10,84	
12,82	
13,82	
47,82	
90,82	
61,82	
50,82	
63,82	
75,82	
98,82	
21,82	
65,82	
10,82	
12,92	
13,92	
47,92	
90,92	
61,92	
50,92	
63,92	
75,92	
98,92	
21,92	
65,92	
10,92	
12,67	
13,67	
47,67	
90,67	
61,67	
50,67	
63,67	
75,67	
98,67	
21,67	
65,67	
10,67	
12,15	
13,15	
47,15	
90,15	
61,15	
50,15	
63,15	
75,15	
98,15	
21,15	
65,15	
10,15	
12,51	
13,51	
47,51	
90,51	
61,51	
50,51	
63,51	
75,51	
98,51	
21,51	
65,51	
10,51	
12,17	
13,17	
47,17	
90,17	
61,17	
50,17	
63,17	
75,17	
98,17	
21,17	
65,17	
10,17	
78,65	
24,65	
57,65	
59,65	
15,65	
81,65	
61,65	
95,65	
30,65	
31,65	
97,65	
78,85	
24,85	
57,85	
59,85	
15,85	
81,85	
61,85	
95,85	
30,85	
31,85	
97,85	
78,22	
24,22	
57,22	
59,22	
15,22	
81,22	
61,22	
95,22	
30,22	
31,22	
97,22	
78,46	
24,46	
57,46	
59,46	
15,46	
81,46	
61,46	
95,46	
30,46	
31,46	
97,46	
78,41	
24,41	
57,41	
59,41	
15,41	
81,41	
61,41	
95,41	
30,41	
31,41	
97,41	
78,66	
24,66	
57,66	
59,66	
15,66	
81,66	
61,66	
95,66	
30,66	
31,66	
97,66	
78,71	
24,71	
57,71	
59,71	
15,71	
81,71	
61,71	
95,71	
30,71	
31,71	
97,71	
78,66	
24,66	
57,66	
59,66	
15,66	
81,66	
61,66	
95,66	
30,66	
31,66	
97,66	
78,82	
24,82	
57,82	
59,82	
15,82	
81,82	
61,82	
95,82	
30,82	
31,82	
97,82	
78,90	
24,90	
57,90	
59,90	
15,90	
81,90	
61,90	
95,90	
30,90	
31,90	
97,90	
78,52	
24,52	
57,52	
59,52	
15,52	
81,52	
61,52	
95,52	
30,52	
31,52	
97,52	
66,85	
55,85	
44,85	
33,85	
89,85	
36,85	
26,85	
92,85	
81,85	
95,85	
73,85	
96,85	
30,85	
42,85	
86,85	
66,44	
55,44	
44,44	
33,44	
89,44	
36,44	
26,44	
92,44	
81,44	
95,44	
73,44	
96,44	
30,44	
42,44	
86,44	
66,92	
55,92	
44,92	
33,92	
89,92	
36,92	
26,92	
92,92	
81,92	
95,92	
73,92	
96,92	
30,92	
42,92	
86,92	
66,95	
55,95	
44,95	
33,95	
89,95	
36,95	
26,95	
92,95	
81,95	
95,95	
73,95	
96,95	
30,95	
42,95	
86,95	
66,66	
55,66	
44,66	
33,66	
89,66	
36,66	
26,66	
92,66	
81,66	
95,66	
73,66	
96,66	
30,66	
42,66	
86,66	
66,35	
55,35	
44,35	
33,35	
89,35	
36,35	
26,35	
92,35	
81,35	
95,35	
73,35	
96,35	
30,35	
42,35	
86,35	
66,97	
55,97	
44,97	
33,97	
89,97	
36,97	
26,97	
92,97	
81,97	
95,97	
73,97	
96,97	
30,97	
42,97	
86,97	
66,10	
55,10	
44,10	
33,10	
89,10	
36,10	
26,10	
92,10	
81,10	
95,10	
73,10	
96,10	
30,10	
42,10	
86,10	
66,76	
55,76	
44,76	
33,76	
89,76	
36,76	
26,76	
92,76	
81,76	
95,76	
73,76	
96,76	
30,76	
42,76	
86,76	
66,74	
55,74	
44,74	
33,74	
89,74	
36,74	
26,74	
92,74	
81,74	
95,74	
73,74	
96,74	
30,74	
42,74	
86,74	
34,15	
68,15	
36,15	
58,15	
15,15	
39,15	
72,15	
83,15	
20,15	
98,15	
32,15	
10,15	
34,37	
68,37	
36,37	
58,37	
15,37	
39,37	
72,37	
83,37	
20,37	
98,37	
32,37	
10,37	
34,18	
68,18	
36,18	
58,18	
15,18	
39,18	
72,18	
83,18	
20,18	
98,18	
32,18	
10,18	
34,57	
68,57	
36,57	
58,57	
15,57	
39,57	
72,57	
83,57	
20,57	
98,57	
32,57	
10,57	
34,37	
68,37	
36,37	
58,37	
15,37	
39,37	
72,37	
83,37	
20,37	
98,37	
32,37	
10,37	
34,32	
68,32	
36,32	
58,32	
15,32	
39,32	
72,32	
83,32	
20,32	
98,32	
32,32	
10,32	
34,58	
68,58	
36,58	
58,58	
15,58	
39,58	
72,58	
83,58	
20,58	
98,58	
32,58	
10,58	
34,75	
68,75	
36,75	
58,75	
15,75	
39,75	
72,75	
83,75	
20,75	
98,75	
32,75	
10,75	
34,64	
68,64	
36,64	
58,64	
15,64	
39,64	
72,64	
83,64	
20,64	
98,64	
32,64	
10,64	
34,70	
68,70	
36,70	
58,70	
15,70	
39,70	
72,70	
83,70	
20,70	
98,70	
32,70	
10,70	
34,99	
68,99	
36,99	
58,99	
15,99	
39,99	
72,99	
83,99	
20,99	
98,99	
32,99	
10,99	
34,93	
68,93	
36,93	
58,93	
15,93	
39,93	
72,93	
83,93	
20,93	
98,93	
32,93	
10,93	
34,84	
68,84	
36,84	
58,84	
15,84	
39,84	
72,84	
83,84	
20,84	
98,84	
32,84	
10,84	
34,71	
68,71	
36,71	
58,71	
15,71	
39,71	
72,71	
83,71	
20,71	
98,71	
32,71	
10,71	
34,35	
68,35	
36,35	
58,35	
15,35	
39,35	
72,35	
83,35	
20,35	
98,35	
32,35	
10,35	
34,42	
68,42	
36,42	
58,42	
15,42	
39,42	
72,42	
83,42	
20,42	
98,42	
32,42	
10,42	
78,68	
12,68	
34,68	
58,68	
82,68	
87,68	
78,71	
12,71	
34,71	
58,71	
82,71	
87,71	
78,44	
12,44	
34,44	
58,44	
82,44	
87,44	
78,11	
12,11	
34,11	
58,11	
82,11	
87,11	
78,78	
12,78	
34,78	
58,78	
82,78	
87,78	
78,21	
12,21	
34,21	
58,21	
82,21	
87,21	
78,40	
12,40	
34,40	
58,40	
82,40	
87,40	
78,17	
12,17	
34,17	
58,17	
82,17	
87,17	
78,68	
12,68	
34,68	
58,68	
82,68	
87,68	
78,30	
12,30	
34,30	
58,30	
82,30	
87,30	
78,26	
12,26	
34,26	
58,26	
82,26	
87,26	
78,42	
12,42	
34,42	
58,42	
82,42	
87,42	
78,93	
12,93	
34,93	
58,93	
82,93	
87,93	
79,10	
39,10	
74,10	
43,10	
79,62	
39,62	
74,62	
43,62	
79,16	
39,16	
74,16	
43,16	
79,39	
39,39	
74,39	
43,39	
79,60	
39,60	
74,60	
43,60	
79,46	
39,46	
74,46	
43,46	
79,49	
39,49	
74,49	
43,49	
79,80	
39,80	
74,80	
43,80	
79,66	
39,66	
74,66	
43,66	
77,91	
34,91	
89,91	
69,91	
49,91	
28,91	
70,91	
95,91	
77,54	
34,54	
89,54	
69,54	
49,54	
28,54	
70,54	
95,54	
77,35	
34,35	
89,35	
69,35	
49,35	
28,35	
70,35	
95,35	
77,19	
34,19	
89,19	
69,19	
49,19	
28,19	
70,19	
95,19	
77,83	
34,83	
89,83	
69,83	
49,83	
28,83	
70,83	
95,83	
77,20	
34,20	
89,20	
69,20	
49,20	
28,20	
70,20	
95,20	
77,24	
34,24	
89,24	
69,24	
49,24	
28,24	
70,24	
95,24	
44,63	
23,63	
68,63	
58,63	
48,63	
63,63	
53,63	
76,63	
44,92	
23,92	
68,92	
58,92	
48,92	
63,92	
53,92	
76,92	
44,69	
23,69	
68,69	
58,69	
48,69	
63,69	
53,69	
76,69	
44,23	
23,23	
68,23	
58,23	
48,23	
63,23	
53,23	
76,23	
44,33	
23,33	
68,33	
58,33	
48,33	
63,33	
53,33	
76,33	
44,51	
23,51	
68,51	
58,51	
48,51	
63,51	
53,51	
76,51	
44,93	
23,93	
68,93	
58,93	
48,93	
63,93	
53,93	
76,93	
44,90	
23,90	
68,90	
58,90	
48,90	
63,90	
53,90	
76,90	
44,88	
23,88	
68,88	
58,88	
48,88	
63,88	
53,88	
76,88	
44,73	
23,73	
68,73	
58,73	
48,73	
63,73	
53,73	
76,73	
44,59	
23,59	
68,59	
58,59	
48,59	
63,59	
53,59	
76,59	
44,35	
23,35	
68,35	
58,35	
48,35	
63,35	
53,35	
76,35	
46,70	
47,70	
29,70	
92,70	
63,70	
46,83	
47,83	
29,83	
92,83	
63,83	
46,64	
47,64	
29,64	
92,64	
63,64	
46,37	
47,37	
29,37	
92,37	
63,37	
46,65	
47,65	
29,65	
92,65	
63,65	
46,20	
47,20	
29,20	
92,20	
63,20	
46,35	
47,35	
29,35	
92,35	
63,35	
46,56	
47,56	
29,56	
92,56	
63,56	
46,75	
47,75	
29,75	
92,75	
63,75	
46,42	
47,42	
29,42	
92,42	
63,42	
46,64	
47,64	
29,64	
92,64	
63,64	
46,79	
47,79	
29,79	
92,79	
63,79	
46,24	
47,24	
29,24	
92,24	
63,24	
46,80	
47,80	
29,80	
92,80	
63,80	
22,50	
57,50	
46,50	
14,50	
39,50	
93,50	
94,50	
40,50	
64,50	
22,51	
57,51	
46,51	
14,51	
39,51	
93,51	
94,51	
40,51	
64,51	
22,46	
57,46	
46,46	
14,46	
39,46	
93,46	
94,46	
40,46	
64,46	
22,72	
57,72	
46,72	
14,72	
39,72	
93,72	
94,72	
40,72	
64,72	
22,89	
57,89	
46,89	
14,89	
39,89	
93,89	
94,89	
40,89	
64,89	
22,52	
57,52	
46,52	
14,52	
39,52	
93,52	
94,52	
40,52	
64,52	
22,54	
57,54	
46,54	
14,54	
39,54	
93,54	
94,54	
40,54	
64,54	
44,20	
45,20	
58,20	
25,20	
26,20	
49,20	
16,20	
91,20	
94,20	
72,20	
73,20	
42,20	
87,20	
44,59	
45,59	
58,59	
25,59	
26,59	
49,59	
16,59	
91,59	
94,59	
72,59	
73,59	
42,59	
87,59	
44,24	
45,24	
58,24	
25,24	
26,24	
49,24	
16,24	
91,24	
94,24	
72,24	
73,24	
42,24	
87,24	
44,37	
45,37	
58,37	
25,37	
26,37	
49,37	
16,37	
91,37	
94,37	
72,37	
73,37	
42,37	
87,37	
44,74	
45,74	
58,74	
25,74	
26,74	
49,74	
16,74	
91,74	
94,74	
72,74	
73,74	
42,74	
87,74	
44,36	
45,36	
58,36	
25,36	
26,36	
49,36	
16,36	
91,36	
94,36	
72,36	
73,36	
42,36	
87,36	
44,36	
45,36	
58,36	
25,36	
26,36	
49,36	
16,36	
91,36	
94,36	
72,36	
73,36	
42,36	
87,36	
44,54	
45,54	
58,54	
25,54	
26,54	
49,54	
16,54	
91,54	
94,54	
72,54	
73,54	
42,54	
87,54	
44,96	
45,96	
58,96	
25,96	
26,96	
49,96	
16,96	
91,96	
94,96	
72,96	
73,96	
42,96	
87,96	
44,49	
45,49	
58,49	
25,49	
26,49	
49,49	
16,49	
91,49	
94,49	
72,49	
73,49	
42,49	
87,49	
11,32	
88,32	
34,32	
89,32	
49,32	
94,32	
76,32	
11,92	
88,92	
34,92	
89,92	
49,92	
94,92	
76,92	
11,58	
88,58	
34,58	
89,58	
49,58	
94,58	
76,58	
11,26	
88,26	
34,26	
89,26	
49,26	
94,26	
76,26	
11,87	
88,87	
34,87	
89,87	
49,87	
94,87	
76,87	
11,80	
88,80	
34,80	
89,80	
49,80	
94,80	
76,80	
11,72	
88,72	
34,72	
89,72	
49,72	
94,72	
76,72	
11,30	
88,30	
34,30	
89,30	
49,30	
94,30	
76,30	
11,37	
88,37	
34,37	
89,37	
49,37	
94,37	
76,37	
11,67	
88,67	
34,67	
89,67	
49,67	
94,67	
76,67	
11,45	
88,45	
34,45	
89,45	
49,45	
94,45	
76,45	
11,24	
88,24	
34,24	
89,24	
49,24	
94,24	
76,24	
11,49	
88,49	
34,49	
89,49	
49,49	
94,49	
76,49	
11,50	
88,50	
34,50	
89,50	
49,50	
94,50	
76,50	
11,51	
88,51	
34,51	
89,51	
49,51	
94,51	
76,51	
11,22	
88,22	
34,22	
89,22	
49,22	
94,22	
76,22	
11,88	
88,88	
34,88	
89,88	
49,88	
94,88	
76,88	
33,74	
89,74	
48,74	
50,74	
40,74	
86,74	
20,74	
33,45	
89,45	
48,45	
50,45	
40,45	
86,45	
20,45	
33,37	
89,37	
48,37	
50,37	
40,37	
86,37	
20,37	
33,75	
89,75	
48,75	
50,75	
40,75	
86,75	
20,75	
33,47	
89,47	
48,47	
50,47	
40,47	
86,47	
20,47	
33,16	
89,16	
48,16	
50,16	
40,16	
86,16	
20,16	
33,75	
89,75	
48,75	
50,75	
40,75	
86,75	
20,75	
33,57	
89,57	
48,57	
50,57	
40,57	
86,57	
20,57	
15,89	
16,89	
80,89	
50,89	
96,89	
52,89	
54,89	
15,71	
16,71	
80,71	
50,71	
96,71	
52,71	
54,71	
15,31	
16,31	
80,31	
50,31	
96,31	
52,31	
54,31	
15,56	
16,56	
80,56	
50,56	
96,56	
52,56	
54,56	
15,67	
16,67	
80,67	
50,67	
96,67	
52,67	
54,67	
15,31	
16,31	
80,31	
50,31	
96,31	
52,31	
54,31	
15,79	
16,79	
80,79	
50,79	
96,79	
52,79	
54,79	
15,76	
16,76	
80,76	
50,76	
96,76	
52,76	
54,76	
15,39	
16,39	
80,39	
50,39	
96,39	
52,39	
54,39	
15,12	
16,12	
80,12	
50,12	
96,12	
52,12	
54,12	
15,53	
16,53	
80,53	
50,53	
96,53	
52,53	
54,53	
15,25	
16,25	
80,25	
50,25	
96,25	
52,25	
54,25	
15,54	
16,54	
80,54	
50,54	
96,54	
52,54	
54,54	
15,88	
16,88	
80,88	
50,88	
96,88	
52,88	
54,88	
15,84	
16,84	
80,84	
50,84	
96,84	
52,84	
54,84	
15,69	
16,69	
80,69	
50,69	
96,69	
52,69	
54,69	
15,81	
16,81	
80,81	
50,81	
96,81	
52,81	
54,81	
15,65	
16,65	
80,65	
50,65	
96,65	
52,65	
54,65	
15,52	
16,52	
80,52	
50,52	
96,52	
52,52	
54,52	
15,90	
16,90	
80,90	
50,90	
96,90	
52,90	
54,90	
15,28	
16,28	
80,28	
50,28	
96,28	
52,28	
54,28	
88,43	
68,43	
25,43	
36,43	
59,43	
49,43	
28,43	
29,43	
71,43	
52,43	
74,43	
53,43	
98,43	
88,31	
68,31	
25,31	
36,31	
59,31	
49,31	
28,31	
29,31	
71,31	
52,31	
74,31	
53,31	
98,31	
88,17	
68,17	
25,17	
36,17	
59,17	
49,17	
28,17	
29,17	
71,17	
52,17	
74,17	
53,17	
98,17	
88,57	
68,57	
25,57	
36,57	
59,57	
49,57	
28,57	
29,57	
71,57	
52,57	
74,57	
53,57	
98,57	
88,30	
68,30	
25,30	
36,30	
59,30	
49,30	
28,30	
29,30	
71,30	
52,30	
74,30	
53,30	
98,30	
88,75	
68,75	
25,75	
36,75	
59,75	
49,75	
28,75	
29,75	
71,75	
52,75	
74,75	
53,75	
98,75	
88,17	
68,17	
25,17	
36,17	
59,17	
49,17	
28,17	
29,17	
71,17	
52,17	
74,17	
53,17	
98,17	
88,62	
68,62	
25,62	
36,62	
59,62	
49,62	
28,62	
29,62	
71,62	
52,62	
74,62	
53,62	
98,62	
88,60	
68,60	
25,60	
36,60	
59,60	
49,60	
28,60	
29,60	
71,60	
52,60	
74,60	
53,60	
98,60	
88,19	
68,19	
25,19	
36,19	
59,19	
49,19	
28,19	
29,19	
71,19	
52,19	
74,19	
53,19	
98,19	
88,37	
68,37	
25,37	
36,37	
59,37	
49,37	
28,37	
29,37	
71,37	
52,37	
74,37	
53,37	
98,37	
88,70	
68,70	
25,70	
36,70	
59,70	
49,70	
28,70	
29,70	
71,70	
52,70	
74,70	
53,70	
98,70	
13,78	
57,78	
37,78	
29,78	
61,78	
50,78	
96,78	
10,78	
13,79	
57,79	
37,79	
29,79	
61,79	
50,79	
96,79	
10,79	
13,19	
57,19	
37,19	
29,19	
61,19	
50,19	
96,19	
10,19	
13,61	
57,61	
37,61	
29,61	
61,61	
50,61	
96,61	
10,61	
13,86	
57,86	
37,86	
29,86	
61,86	
50,86	
96,86	
10,86	
13,16	
57,16	
37,16	
29,16	
61,16	
50,16	
96,16	
10,16	
13,57	
57,57	
37,57	
29,57	
61,57	
50,57	
96,57	
10,57	
13,83	
57,83	
37,83	
29,83	
61,83	
50,83	
96,83	
10,83	
13,81	
57,81	
37,81	
29,81	
61,81	
50,81	
96,81	
10,81	
13,35	
57,35	
37,35	
29,35	
61,35	
50,35	
96,35	
10,35	
13,82	
57,82	
37,82	
29,82	
61,82	
50,82	
96,82	
10,82	
13,49	
57,49	
37,49	
29,49	
61,49	
50,49	
96,49	
10,49	
99,97	
66,97	
34,97	
89,97	
78,97	
12,97	
57,97	
14,97	
39,97	
29,97	
80,97	
74,97	
99,35	
66,35	
34,35	
89,35	
78,35	
12,35	
57,35	
14,35	
39,35	
29,35	
80,35	
74,35	
99,41	
66,41	
34,41	
89,41	
78,41	
12,41	
57,41	
14,41	
39,41	
29,41	
80,41	
74,41	
99,43	
66,43	
34,43	
89,43	
78,43	
12,43	
57,43	
14,43	
39,43	
29,43	
80,43	
74,43	
99,40	
66,40	
34,40	
89,40	
78,40	
12,40	
57,40	
14,40	
39,40	
29,40	
80,40	
74,40	
99,78	
66,78	
34,78	
89,78	
78,78	
12,78	
57,78	
14,78	
39,78	
29,78	
80,78	
74,78	
99,13	
66,13	
34,13	
89,13	
78,13	
12,13	
57,13	
14,13	
39,13	
29,13	
80,13	
74,13	
99,38	
66,38	
34,38	
89,38	
78,38	
12,38	
57,38	
14,38	
39,38	
29,38	
80,38	
74,38	
99,91	
66,91	
34,91	
89,91	
78,91	
12,91	
57,91	
14,91	
39,91	
29,91	
80,91	
74,91	
99,35	
66,35	
34,35	
89,35	
78,35	
12,35	
57,35	
14,35	
39,35	
29,35	
80,35	
74,35	
99,73	
66,73	
34,73	
89,73	
78,73	
12,73	
57,73	
14,73	
39,73	
29,73	
80,73	
74,73	
99,92	
66,92	
34,92	
89,92	
78,92	
12,92	
57,92	
14,92	
39,92	
29,92	
80,92	
74,92	
99,28	
66,28	
34,28	
89,28	
78,28	
12,28	
57,28	
14,28	
39,28	
29,28	
80,28	
74,28	
99,93	
66,93	
34,93	
89,93	
78,93	
12,93	
57,93	
14,93	
39,93	
29,93	
80,93	
74,93	
99,71	
66,71	
34,71	
89,71	
78,71	
12,71	
57,71	
14,71	
39,71	
29,71	
80,71	
74,71	
99,55	
66,55	
34,55	
89,55	
78,55	
12,55	
57,55	
14,55	
39,55	
29,55	
80,55	
74,55	
12,45	
57,45	
25,45	
69,45	
26,45	
28,45	
64,45	
42,45	
98,45	
12,51	
57,51	
25,51	
69,51	
26,51	
28,51	
64,51	
42,51	
98,51	
12,57	
57,57	
25,57	
69,57	
26,57	
28,57	
64,57	
42,57	
98,57	
12,72	
57,72	
25,72	
69,72	
26,72	
28,72	
64,72	
42,72	
98,72	
12,23	
57,23	
25,23	
69,23	
26,23	
28,23	
64,23	
42,23	
98,23	
12,90	
57,90	
25,90	
69,90	
26,90	
28,90	
64,90	
42,90	
98,90	
12,11	
57,11	
25,11	
69,11	
26,11	
28,11	
64,11	
42,11	
98,11	
12,87	
57,87	
25,87	
69,87	
26,87	
28,87	
64,87	
42,87	
98,87	
12,97	
57,97	
25,97	
69,97	
26,97	
28,97	
64,97	
42,97	
98,97	
12,26	
57,26	
25,26	
69,26	
26,26	
28,26	
64,26	
42,26	
98,26	
12,71	
57,71	
25,71	
69,71	
26,71	
28,71	
64,71	
42,71	
98,71	
11,38	
44,38	
67,38	
57,38	
36,38	
14,38	
47,38	
17,38	
40,38	
63,38	
42,38	
64,38	
86,38	
76,38	
11,61	
44,61	
67,61	
57,61	
36,61	
14,61	
47,61	
17,61	
40,61	
63,61	
42,61	
64,61	
86,61	
76,61	
11,83	
44,83	
67,83	
57,83	
36,83	
14,83	
47,83	
17,83	
40,83	
63,83	
42,83	
64,83	
86,83	
76,83	
11,82	
44,82	
67,82	
57,82	
36,82	
14,82	
47,82	
17,82	
40,82	
63,82	
42,82	
64,82	
86,82	
76,82	
11,48	
44,48	
67,48	
57,48	
36,48	
14,48	
47,48	
17,48	
40,48	
63,48	
42,48	
64,48	
86,48	
76,48	
11,23	
44,23	
67,23	
57,23	
36,23	
14,23	
47,23	
17,23	
40,23	
63,23	
42,23	
64,23	
86,23	
76,23	
11,90	
44,90	
67,90	
57,90	
36,90	
14,90	
47,90	
17,90	
40,90	
63,90	
42,90	
64,90	
86,90	
76,90	
11,19	
44,19	
67,19	
57,19	
36,19	
14,19	
47,19	
17,19	
40,19	
63,19	
42,19	
64,19	
86,19	
76,19	
11,20	
44,20	
67,20	
57,20	
36,20	
14,20	
47,20	
17,20	
40,20	
63,20	
42,20	
64,20	
86,20	
76,20	
11,13	
44,13	
67,13	
57,13	
36,13	
14,13	
47,13	
17,13	
40,13	
63,13	
42,13	
64,13	
86,13	
76,13	
11,30	
44,30	
67,30	
57,30	
36,30	
14,30	
47,30	
17,30	
40,30	
63,30	
42,30	
64,30	
86,30	
76,30	
11,68	
44,68	
67,68	
57,68	
36,68	
14,68	
47,68	
17,68	
40,68	
63,68	
42,68	
64,68	
86,68	
76,68	
11,34	
44,34	
67,34	
57,34	
36,34	
14,34	
47,34	
17,34	
40,34	
63,34	
42,34	
64,34	
86,34	
76,34	
23,99	
29,99	
91,99	
61,99	
40,99	
96,99	
86,99	
97,99	
32,99	
87,99	
23,60	
29,60	
91,60	
61,60	
40,60	
96,60	
86,60	
97,60	
32,60	
87,60	
23,25	
29,25	
91,25	
61,25	
40,25	
96,25	
86,25	
97,25	
32,25	
87,25	
23,81	
29,81	
91,81	
61,81	
40,81	
96,81	
86,81	
97,81	
32,81	
87,81	
23,29	
29,29	
91,29	
61,29	
40,29	
96,29	
86,29	
97,29	
32,29	
87,29	
23,10	
29,10	
91,10	
61,10	
40,10	
96,10	
86,10	
97,10	
32,10	
87,10	
23,79	
29,79	
91,79	
61,79	
40,79	
96,79	
86,79	
97,79	
32,79	
87,79	
23,97	
29,97	
91,97	
61,97	
40,97	
96,97	
86,97	
97,97	
32,97	
87,97	
23,83	
29,83	
91,83	
61,83	
40,83	
96,83	
86,83	
97,83	
32,83	
87,83	
45,90	
36,90	
69,90	
59,90	
37,90	
18,90	
83,90	
61,90	
95,90	
51,90	
76,90	
45,45	
36,45	
69,45	
59,45	
37,45	
18,45	
83,45	
61,45	
95,45	
51,45	
76,45	
45,55	
36,55	
69,55	
59,55	
37,55	
18,55	
83,55	
61,55	
95,55	
51,55	
76,55	
45,77	
36,77	
69,77	
59,77	
37,77	
18,77	
83,77	
61,77	
95,77	
51,77	
76,77	
45,92	
36,92	
69,92	
59,92	
37,92	
18,92	
83,92	
61,92	
95,92	
51,92	
76,92	
45,28	
36,28	
69,28	
59,28	
37,28	
18,28	
83,28	
61,28	
95,28	
51,28	
76,28	
45,44	
36,44	
69,44	
59,44	
37,44	
18,44	
83,44	
61,44	
95,44	
51,44	
76,44	
45,27	
36,27	
69,27	
59,27	
37,27	
18,27	
83,27	
61,27	
95,27	
51,27	
76,27	
45,10	
36,10	
69,10	
59,10	
37,10	
18,10	
83,10	
61,10	
95,10	
51,10	
76,10	
45,95	
36,95	
69,95	
59,95	
37,95	
18,95	
83,95	
61,95	
95,95	
51,95	
76,95	
45,94	
36,94	
69,94	
59,94	
37,94	
18,94	
83,94	
61,94	
95,94	
51,94	
76,94	
88,88	
44,88	
89,88	
24,88	
16,88	
49,88	
17,88	
90,88	
92,88	
71,88	
60,88	
72,88	
61,88	
95,88	
73,88	
74,88	
30,88	
54,88	
65,88	
10,88	
88,94	
44,94	
89,94	
24,94	
16,94	
49,94	
17,94	
90,94	
92,94	
71,94	
60,94	
72,94	
61,94	
95,94	
73,94	
74,94	
30,94	
54,94	
65,94	
10,94	
88,56	
44,56	
89,56	
24,56	
16,56	
49,56	
17,56	
90,56	
92,56	
71,56	
60,56	
72,56	
61,56	
95,56	
73,56	
74,56	
30,56	
54,56	
65,56	
10,56	
88,40	
44,40	
89,40	
24,40	
16,40	
49,40	
17,40	
90,40	
92,40	
71,40	
60,40	
72,40	
61,40	
95,40	
73,40	
74,40	
30,40	
54,40	
65,40	
10,40	
88,90	
44,90	
89,90	
24,90	
16,90	
49,90	
17,90	
90,90	
92,90	
71,90	
60,90	
72,90	
61,90	
95,90	
73,90	
74,90	
30,90	
54,90	
65,90	
10,90	
67,14	
35,14	
14,14	
15,14	
37,14	
27,14	
82,14	
51,14	
30,14	
96,14	
42,14	
53,14	
67,73	
35,73	
14,73	
15,73	
37,73	
27,73	
82,73	
51,73	
30,73	
96,73	
42,73	
53,73	
67,15	
35,15	
14,15	
15,15	
37,15	
27,15	
82,15	
51,15	
30,15	
96,15	
42,15	
53,15	
67,11	
35,11	
14,11	
15,11	
37,11	
27,11	
82,11	
51,11	
30,11	
96,11	
42,11	
53,11	
67,33	
35,33	
14,33	
15,33	
37,33	
27,33	
82,33	
51,33	
30,33	
96,33	
42,33	
53,33	
67,95	
35,95	
14,95	
15,95	
37,95	
27,95	
82,95	
51,95	
30,95	
96,95	
42,95	
53,95	
67,39	
35,39	
14,39	
15,39	
37,39	
27,39	
82,39	
51,39	
30,39	
96,39	
42,39	
53,39	
67,70	
35,70	
14,70	
15,70	
37,70	
27,70	
82,70	
51,70	
30,70	
96,70	
42,70	
53,70	
67,21	
35,21	
14,21	
15,21	
37,21	
27,21	
82,21	
51,21	
30,21	
96,21	
42,21	
53,21	
67,22	
35,22	
14,22	
15,22	
37,22	
27,22	
82,22	
51,22	
30,22	
96,22	
42,22	
53,22	
67,74	
35,74	
14,74	
15,74	
37,74	
27,74	
82,74	
51,74	
30,74	
96,74	
42,74	
53,74	
67,49	
35,49	
14,49	
15,49	
37,49	
27,49	
82,49	
51,49	
30,49	
96,49	
42,49	
53,49	
67,73	
35,73	
14,73	
15,73	
37,73	
27,73	
82,73	
51,73	
30,73	
96,73	
42,73	
53,73	
67,97	
35,97	
14,97	
15,97	
37,97	
27,97	
82,97	
51,97	
30,97	
96,97	
42,97	
53,97	
67,43	
35,43	
14,43	
15,43	
37,43	
27,43	
82,43	
51,43	
30,43	
96,43	
42,43	
53,43	
55,42	
69,42	
37,42	
73,42	
96,42	
20,42	
97,42	
98,42	
55,86	
69,86	
37,86	
73,86	
96,86	
20,86	
97,86	
98,86	
55,87	
69,87	
37,87	
73,87	
96,87	
20,87	
97,87	
98,87	
55,85	
69,85	
37,85	
73,85	
96,85	
20,85	
97,85	
98,85	
55,40	
69,40	
37,40	
73,40	
96,40	
20,40	
97,40	
98,40	
55,64	
69,64	
37,64	
73,64	
96,64	
20,64	
97,64	
98,64	
55,22	
69,22	
37,22	
73,22	
96,22	
20,22	
97,22	
98,22	
55,47	
69,47	
37,47	
73,47	
96,47	
20,47	
97,47	
98,47	
55,67	
69,67	
37,67	
73,67	
96,67	
20,67	
97,67	
98,67	
55,37	
69,37	
37,37	
73,37	
96,37	
20,37	
97,37	
98,37	
55,47	
69,47	
37,47	
73,47	
96,47	
20,47	
97,47	
98,47	
55,15	
69,15	
37,15	
73,15	
96,15	
20,15	
97,15	
98,15	
55,10	
69,10	
37,10	
73,10	
96,10	
20,10	
97,10	
98,10	
55,90	
69,90	
37,90	
73,90	
96,90	
20,90	
97,90	
98,90	
77,45	
89,45	
47,45	
14,45	
29,45	
80,45	
71,45	
62,45	
74,45	
85,45	
77,79	
89,79	
47,79	
14,79	
29,79	
80,79	
71,79	
62,79	
74,79	
85,79	
77,51	
89,51	
47,51	
14,51	
29,51	
80,51	
71,51	
62,51	
74,51	
85,51	
77,58	
89,58	
47,58	
14,58	
29,58	
80,58	
71,58	
62,58	
74,58	
85,58	
77,45	
89,45	
47,45	
14,45	
29,45	
80,45	
71,45	
62,45	
74,45	
85,45	
77,90	
89,90	
47,90	
14,90	
29,90	
80,90	
71,90	
62,90	
74,90	
85,90	
77,34	
89,34	
47,34	
14,34	
29,34	
80,34	
71,34	
62,34	
74,34	
85,34	
77,38	
89,38	
47,38	
14,38	
29,38	
80,38	
71,38	
62,38	
74,38	
85,38	
77,71	
89,71	
47,71	
14,71	
29,71	
80,71	
71,71	
62,71	
74,71	
85,71	
77,93	
89,93	
47,93	
14,93	
29,93	
80,93	
71,93	
62,93	
74,93	
85,93	
77,71	
89,71	
47,71	
14,71	
29,71	
80,71	
71,71	
62,71	
74,71	
85,71	
77,42	
89,42	
47,42	
14,42	
29,42	
80,42	
71,42	
62,42	
74,42	
85,42	
77,58	
89,58	
47,58	
14,58	
29,58	
80,58	
71,58	
62,58	
74,58	
85,58	
77,85	
89,85	
47,85	
14,85	
29,85	
80,85	
71,85	
62,85	
74,85	
85,85	
77,70	
89,70	
47,70	
14,70	
29,70	
80,70	
71,70	
62,70	
74,70	
85,70	
77,29	
89,29	
47,29	
14,29	
29,29	
80,29	
71,29	
62,29	
74,29	
85,29	
44,26	
45,26	
79,26	
14,26	
36,26	
90,26	
18,26	
92,26	
86,26	
20,26	
21,26	
44,41	
45,41	
79,41	
14,41	
36,41	
90,41	
18,41	
92,41	
86,41	
20,41	
21,41	
44,69	
45,69	
79,69	
14,69	
36,69	
90,69	
18,69	
92,69	
86,69	
20,69	
21,69	
44,97	
45,97	
79,97	
14,97	
36,97	
90,97	
18,97	
92,97	
86,97	
20,97	
21,97	
44,76	
45,76	
79,76	
14,76	
36,76	
90,76	
18,76	
92,76	
86,76	
20,76	
21,76	
44,92	
45,92	
79,92	
14,92	
36,92	
90,92	
18,92	
92,92	
86,92	
20,92	
21,92	
44,93	
45,93	
79,93	
14,93	
36,93	
90,93	
18,93	
92,93	
86,93	
20,93	
21,93	
44,13	
45,13	
79,13	
14,13	
36,13	
90,13	
18,13	
92,13	
86,13	
20,13	
21,13	
44,23	
45,23	
79,23	
14,23	
36,23	
90,23	
18,23	
92,23	
86,23	
20,23	
21,23	
44,42	
45,42	
79,42	
14,42	
36,42	
90,42	
18,42	
92,42	
86,42	
20,42	
21,42	
44,41	
45,41	
79,41	
14,41	
36,41	
90,41	
18,41	
92,41	
86,41	
20,41	
21,41	
44,74	
45,74	
79,74	
14,74	
36,74	
90,74	
18,74	
92,74	
86,74	
20,74	
21,74	
44,39	
45,39	
79,39	
14,39	
36,39	
90,39	
18,39	
92,39	
86,39	
20,39	
21,39	
44,76	
45,76	
79,76	
14,76	
36,76	
90,76	
18,76	
92,76	
86,76	
20,76	
21,76	
33,10	
13,10	
58,10	
25,10	
19,10	
83,10	
74,10	
76,10	
33,83	
13,83	
58,83	
25,83	
19,83	
83,83	
74,83	
76,83	
33,14	
13,14	
58,14	
25,14	
19,14	
83,14	
74,14	
76,14	
33,20	
13,20	
58,20	
25,20	
19,20	
83,20	
74,20	
76,20	
33,81	
13,81	
58,81	
25,81	
19,81	
83,81	
74,81	
76,81	
99,43	
45,43	
47,43	
37,43	
48,43	
27,43	
90,43	
93,43	
84,43	
42,43	
99,20	
45,20	
47,20	
37,20	
48,20	
27,20	
90,20	
93,20	
84,20	
42,20	
99,36	
45,36	
47,36	
37,36	
48,36	
27,36	
90,36	
93,36	
84,36	
42,36	
99,58	
45,58	
47,58	
37,58	
48,58	
27,58	
90,58	
93,58	
84,58	
42,58	
99,89	
45,89	
47,89	
37,89	
48,89	
27,89	
90,89	
93,89	
84,89	
42,89	
99,33	
45,33	
47,33	
37,33	
48,33	
27,33	
90,33	
93,33	
84,33	
42,33	
99,75	
45,75	
47,75	
37,75	
48,75	
27,75	
90,75	
93,75	
84,75	
42,75	
99,48	
45,48	
47,48	
37,48	
48,48	
27,48	
90,48	
93,48	
84,48	
42,48	
99,10	
45,10	
47,10	
37,10	
48,10	
27,10	
90,10	
93,10	
84,10	
42,10	
99,55	
45,55	
47,55	
37,55	
48,55	
27,55	
90,55	
93,55	
84,55	
42,55	
99,43	
45,43	
47,43	
37,43	
48,43	
27,43	
90,43	
93,43	
84,43	
42,43	
99,95	
45,95	
47,95	
37,95	
48,95	
27,95	
90,95	
93,95	
84,95	
42,95	
99,27	
45,27	
47,27	
37,27	
48,27	
27,27	
90,27	
93,27	
84,27	
42,27	
99,42	
45,42	
47,42	
37,42	
48,42	
27,42	
90,42	
93,42	
84,42	
42,42	
99,83	
45,83	
47,83	
37,83	
48,83	
27,83	
90,83	
93,83	
84,83	
42,83	
35,93	
14,93	
29,93	
92,93	
93,93	
82,93	
94,93	
96,93	
52,93	
54,93	
43,93	
35,27	
14,27	
29,27	
92,27	
93,27	
82,27	
94,27	
96,27	
52,27	
54,27	
43,27	
35,33	
14,33	
29,33	
92,33	
93,33	
82,33	
94,33	
96,33	
52,33	
54,33	
43,33	
35,59	
14,59	
29,59	
92,59	
93,59	
82,59	
94,59	
96,59	
52,59	
54,59	
43,59	
35,62	
14,62	
29,62	
92,62	
93,62	
82,62	
94,62	
96,62	
52,62	
54,62	
43,62	
35,89	
14,89	
29,89	
92,89	
93,89	
82,89	
94,89	
96,89	
52,89	
54,89	
43,89	
35,81	
14,81	
29,81	
92,81	
93,81	
82,81	
94,81	
96,81	
52,81	
54,81	
43,81	
35,27	
14,27	
29,27	
92,27	
93,27	
82,27	
94,27	
96,27	
52,27	
54,27	
43,27	
35,57	
14,57	
29,57	
92,57	
93,57	
82,57	
94,57	
96,57	
52,57	
54,57	
43,57	
35,11	
14,11	
29,11	
92,11	
93,11	
82,11	
94,11	
96,11	
52,11	
54,11	
43,11	
35,18	
14,18	
29,18	
92,18	
93,18	
82,18	
94,18	
96,18	
52,18	
54,18	
43,18	
35,72	
14,72	
29,72	
92,72	
93,72	
82,72	
94,72	
96,72	
52,72	
54,72	
43,72	
35,34	
14,34	
29,34	
92,34	
93,34	
82,34	
94,34	
96,34	
52,34	
54,34	
43,34	
35,48	
14,48	
29,48	
92,48	
93,48	
82,48	
94,48	
96,48	
52,48	
54,48	
43,48	
55,46	
78,46	
12,46	
56,46	
79,46	
69,46	
59,46	
18,46	
70,46	
84,46	
96,46	
64,46	
76,46	
55,31	
78,31	
12,31	
56,31	
79,31	
69,31	
59,31	
18,31	
70,31	
84,31	
96,31	
64,31	
76,31	
55,74	
78,74	
12,74	
56,74	
79,74	
69,74	
59,74	
18,74	
70,74	
84,74	
96,74	
64,74	
76,74	
55,89	
78,89	
12,89	
56,89	
79,89	
69,89	
59,89	
18,89	
70,89	
84,89	
96,89	
64,89	
76,89	
55,52	
78,52	
12,52	
56,52	
79,52	
69,52	
59,52	
18,52	
70,52	
84,52	
96,52	
64,52	
76,52	
55,14	
78,14	
12,14	
56,14	
79,14	
69,14	
59,14	
18,14	
70,14	
84,14	
96,14	
64,14	
76,14	
55,36	
78,36	
12,36	
56,36	
79,36	
69,36	
59,36	
18,36	
70,36	
84,36	
96,36	
64,36	
76,36	
55,67	
78,67	
12,67	
56,67	
79,67	
69,67	
59,67	
18,67	
70,67	
84,67	
96,67	
64,67	
76,67	
55,19	
78,19	
12,19	
56,19	
79,19	
69,19	
59,19	
18,19	
70,19	
84,19	
96,19	
64,19	
76,19	
55,33	
78,33	
12,33	
56,33	
79,33	
69,33	
59,33	
18,33	
70,33	
84,33	
96,33	
64,33	
76,33	
55,67	
78,67	
12,67	
56,67	
79,67	
69,67	
59,67	
18,67	
70,67	
84,67	
96,67	
64,67	
76,67	
11,43	
23,43	
24,43	
69,43	
59,43	
27,43	
49,43	
70,43	
61,43	
94,43	
84,43	
86,43	
21,43	
11,85	
23,85	
24,85	
69,85	
59,85	
27,85	
49,85	
70,85	
61,85	
94,85	
84,85	
86,85	
21,85	
11,26	
23,26	
24,26	
69,26	
59,26	
27,26	
49,26	
70,26	
61,26	
94,26	
84,26	
86,26	
21,26	
11,13	
23,13	
24,13	
69,13	
59,13	
27,13	
49,13	
70,13	
61,13	
94,13	
84,13	
86,13	
21,13	
11,97	
23,97	
24,97	
69,97	
59,97	
27,97	
49,97	
70,97	
61,97	
94,97	
84,97	
86,97	
21,97	
11,81	
23,81	
24,81	
69,81	
59,81	
27,81	
49,81	
70,81	
61,81	
94,81	
84,81	
86,81	
21,81	
11,66	
23,66	
24,66	
69,66	
59,66	
27,66	
49,66	
70,66	
61,66	
94,66	
84,66	
86,66	
21,66	
11,99	
23,99	
24,99	
69,99	
59,99	
27,99	
49,99	
70,99	
61,99	
94,99	
84,99	
86,99	
21,99	
11,73	
23,73	
24,73	
69,73	
59,73	
27,73	
49,73	
70,73	
61,73	
94,73	
84,73	
86,73	
21,73	
11,85	
23,85	
24,85	
69,85	
59,85	
27,85	
49,85	
70,85	
61,85	
94,85	
84,85	
86,85	
21,85	
11,64	
23,64	
24,64	
69,64	
59,64	
27,64	
49,64	
70,64	
61,64	
94,64	
84,64	
86,64	
21,64	
11,78	
23,78	
24,78	
69,78	
59,78	
27,78	
49,78	
70,78	
61,78	
94,78	
84,78	
86,78	
21,78	
11,28	
23,28	
24,28	
69,28	
59,28	
27,28	
49,28	
70,28	
61,28	
94,28	
84,28	
86,28	
21,28	
11,87	
23,87	
24,87	
69,87	
59,87	
27,87	
49,87	
70,87	
61,87	
94,87	
84,87	
86,87	
21,87	
11,74	
23,74	
24,74	
69,74	
59,74	
27,74	
49,74	
70,74	
61,74	
94,74	
84,74	
86,74	
21,74	
49,29	
39,29	
29,29	
30,29	
20,29	
76,29	
49,58	
39,58	
29,58	
30,58	
20,58	
76,58	
49,92	
39,92	
29,92	
30,92	
20,92	
76,92	
49,93	
39,93	
29,93	
30,93	
20,93	
76,93	
49,38	
39,38	
29,38	
30,38	
20,38	
76,38	
49,62	
39,62	
29,62	
30,62	
20,62	
76,62	
49,18	
39,18	
29,18	
30,18	
20,18	
76,18	
49,85	
39,85	
29,85	
30,85	
20,85	
76,85	
49,41	
39,41	
29,41	
30,41	
20,41	
76,41	
49,75	
39,75	
29,75	
30,75	
20,75	
76,75	
49,69	
39,69	
29,69	
30,69	
20,69	
76,69	
49,54	
39,54	
29,54	
30,54	
20,54	
76,54	
49,63	
39,63	
29,63	
30,63	
20,63	
76,63	
33,77	
23,77	
67,77	
46,77	
14,77	
72,77	
73,77	
51,77	
63,77	
53,77	
33,33	
23,33	
67,33	
46,33	
14,33	
72,33	
73,33	
51,33	
63,33	
53,33	
33,51	
23,51	
67,51	
46,51	
14,51	
72,51	
73,51	
51,51	
63,51	
53,51	
33,87	
23,87	
67,87	
46,87	
14,87	
72,87	
73,87	
51,87	
63,87	
53,87	
33,29	
23,29	
67,29	
46,29	
14,29	
72,29	
73,29	
51,29	
63,29	
53,29	
33,33	
23,33	
67,33	
46,33	
14,33	
72,33	
73,33	
51,33	
63,33	
53,33	
33,47	
23,47	
67,47	
46,47	
14,47	
72,47	
73,47	
51,47	
63,47	
53,47	
33,31	
23,31	
67,31	
46,31	
14,31	
72,31	
73,31	
51,31	
63,31	
53,31	
33,76	
23,76	
67,76	
46,76	
14,76	
72,76	
73,76	
51,76	
63,76	
53,76	
33,38	
23,38	
67,38	
46,38	
14,38	
72,38	
73,38	
51,38	
63,38	
53,38	
33,93	
23,93	
67,93	
46,93	
14,93	
72,93	
73,93	
51,93	
63,93	
53,93	
33,77	
23,77	
67,77	
46,77	
14,77	
72,77	
73,77	
51,77	
63,77	
53,77	
13,48	
48,48	
16,48	
49,48	
13,99	
48,99	
16,99	
49,99	
13,83	
48,83	
16,83	
49,83	
13,93	
48,93	
16,93	
49,93	
13,61	
48,61	
16,61	
49,61	
13,66	
48,66	
16,66	
49,66	
13,79	
48,79	
16,79	
49,79	
13,77	
48,77	
16,77	
49,77	
13,89	
48,89	
16,89	
49,89	
13,78	
48,78	
16,78	
49,78	
77,40	
23,40	
39,40	
83,40	
61,40	
50,40	
63,40	
42,40	
21,40	
77,48	
23,48	
39,48	
83,48	
61,48	
50,48	
63,48	
42,48	
21,48	
77,19	
23,19	
39,19	
83,19	
61,19	
50,19	
63,19	
42,19	
21,19	
77,75	
23,75	
39,75	
83,75	
61,75	
50,75	
63,75	
42,75	
21,75	
77,35	
23,35	
39,35	
83,35	
61,35	
50,35	
63,35	
42,35	
21,35	
77,88	
23,88	
39,88	
83,88	
61,88	
50,88	
63,88	
42,88	
21,88	
77,61	
23,61	
39,61	
83,61	
61,61	
50,61	
63,61	
42,61	
21,61	
77,51	
23,51	
39,51	
83,51	
61,51	
50,51	
63,51	
42,51	
21,51	
77,26	
23,26	
39,26	
83,26	
61,26	
50,26	
63,26	
42,26	
21,26	
77,63	
23,63	
39,63	
83,63	
61,63	
50,63	
63,63	
42,63	
21,63	
44,83	
22,83	
77,83	
33,83	
78,83	
12,83	
13,83	
47,83	
39,83	
60,83	
30,83	
64,83	
44,92	
22,92	
77,92	
33,92	
78,92	
12,92	
13,92	
47,92	
39,92	
60,92	
30,92	
64,92	
44,57	
22,57	
77,57	
33,57	
78,57	
12,57	
13,57	
47,57	
39,57	
60,57	
30,57	
64,57	
44,69	
22,69	
77,69	
33,69	
78,69	
12,69	
13,69	
47,69	
39,69	
60,69	
30,69	
64,69	
44,27	
22,27	
77,27	
33,27	
78,27	
12,27	
13,27	
47,27	
39,27	
60,27	
30,27	
64,27	
44,14	
22,14	
77,14	
33,14	
78,14	
12,14	
13,14	
47,14	
39,14	
60,14	
30,14	
64,14	
44,54	
22,54	
77,54	
33,54	
78,54	
12,54	
13,54	
47,54	
39,54	
60,54	
30,54	
64,54	
44,39	
22,39	
77,39	
33,39	
78,39	
12,39	
13,39	
47,39	
39,39	
60,39	
30,39	
64,39	
44,67	
22,67	
77,67	
33,67	
78,67	
12,67	
13,67	
47,67	
39,67	
60,67	
30,67	
64,67	
44,46	
22,46	
77,46	
33,46	
78,46	
12,46	
13,46	
47,46	
39,46	
60,46	
30,46	
64,46	
44,19	
22,19	
77,19	
33,19	
78,19	
12,19	
13,19	
47,19	
39,19	
60,19	
30,19	
64,19	
44,84	
22,84	
77,84	
33,84	
78,84	
12,84	
13,84	
47,84	
39,84	
60,84	
30,84	
64,84	
44,58	
22,58	
77,58	
33,58	
78,58	
12,58	
13,58	
47,58	
39,58	
60,58	
30,58	
64,58	
77,42	
68,42	
26,42	
29,42	
80,42	
81,42	
40,42	
31,42	
75,42	
54,42	
77,46	
68,46	
26,46	
29,46	
80,46	
81,46	
40,46	
31,46	
75,46	
54,46	
77,57	
68,57	
26,57	
29,57	
80,57	
81,57	
40,57	
31,57	
75,57	
54,57	
77,83	
68,83	
26,83	
29,83	
80,83	
81,83	
40,83	
31,83	
75,83	
54,83	
77,85	
68,85	
26,85	
29,85	
80,85	
81,85	
40,85	
31,85	
75,85	
54,85	
77,27	
68,27	
26,27	
29,27	
80,27	
81,27	
40,27	
31,27	
75,27	
54,27	
77,97	
68,97	
26,97	
29,97	
80,97	
81,97	
40,97	
31,97	
75,97	
54,97	
77,73	
68,73	
26,73	
29,73	
80,73	
81,73	
40,73	
31,73	
75,73	
54,73	
77,40	
68,40	
26,40	
29,40	
80,40	
81,40	
40,40	
31,40	
75,40	
54,40	
77,87	
68,87	
26,87	
29,87	
80,87	
81,87	
40,87	
31,87	
75,87	
54,87	
77,69	
68,69	
26,69	
29,69	
80,69	
81,69	
40,69	
31,69	
75,69	
54,69	
77,85	
68,85	
26,85	
29,85	
80,85	
81,85	
40,85	
31,85	
75,85	
54,85	
77,13	
68,13	
26,13	
29,13	
80,13	
81,13	
40,13	
31,13	
75,13	
54,13	
33,59	
78,59	
68,59	
46,59	
48,59	
49,59	
73,59	
63,59	
31,59	
10,59	
43,59	
87,59	
33,69	
78,69	
68,69	
46,69	
48,69	
49,69	
73,69	
63,69	
31,69	
10,69	
43,69	
87,69	
33,87	
78,87	
68,87	
46,87	
48,87	
49,87	
73,87	
63,87	
31,87	
10,87	
43,87	
87,87	
33,51	
78,51	
68,51	
46,51	
48,51	
49,51	
73,51	
63,51	
31,51	
10,51	
43,51	
87,51	
33,61	
78,61	
68,61	
46,61	
48,61	
49,61	
73,61	
63,61	
31,61	
10,61	
43,61	
87,61	
33,46	
78,46	
68,46	
46,46	
48,46	
49,46	
73,46	
63,46	
31,46	
10,46	
43,46	
87,46	
33,66	
78,66	
68,66	
46,66	
48,66	
49,66	
73,66	
63,66	
31,66	
10,66	
43,66	
87,66	
33,33	
78,33	
68,33	
46,33	
48,33	
49,33	
73,33	
63,33	
31,33	
10,33	
43,33	
87,33	
33,78	
78,78	
68,78	
46,78	
48,78	
49,78	
73,78	
63,78	
31,78	
10,78	
43,78	
87,78	
78,36	
46,36	
57,36	
58,36	
48,36	
38,36	
16,36	
17,36	
90,36	
92,36	
71,36	
60,36	
96,36	
78,32	
46,32	
57,32	
58,32	
48,32	
38,32	
16,32	
17,32	
90,32	
92,32	
71,32	
60,32	
96,32	
78,83	
46,83	
57,83	
58,83	
48,83	
38,83	
16,83	
17,83	
90,83	
92,83	
71,83	
60,83	
96,83	
78,48	
46,48	
57,48	
58,48	
48,48	
38,48	
16,48	
17,48	
90,48	
92,48	
71,48	
60,48	
96,48	
78,61	
46,61	
57,61	
58,61	
48,61	
38,61	
16,61	
17,61	
90,61	
92,61	
71,61	
60,61	
96,61	
78,36	
46,36	
57,36	
58,36	
48,36	
38,36	
16,36	
17,36	
90,36	
92,36	
71,36	
60,36	
96,36	
78,88	
46,88	
57,88	
58,88	
48,88	
38,88	
16,88	
17,88	
90,88	
92,88	
71,88	
60,88	
96,88	
77,54	
44,54	
56,54	
34,54	
14,54	
36,54	
27,54	
17,54	
29,54	
18,54	
19,54	
90,54	
81,54	
51,54	
30,54	
41,54	
53,54	
77,43	
44,43	
56,43	
34,43	
14,43	
36,43	
27,43	
17,43	
29,43	
18,43	
19,43	
90,43	
81,43	
51,43	
30,43	
41,43	
53,43	
77,22	
44,22	
56,22	
34,22	
14,22	
36,22	
27,22	
17,22	
29,22	
18,22	
19,22	
90,22	
81,22	
51,22	
30,22	
41,22	
53,22	
77,19	
44,19	
56,19	
34,19	
14,19	
36,19	
27,19	
17,19	
29,19	
18,19	
19,19	
90,19	
81,19	
51,19	
30,19	
41,19	
53,19	
77,63	
44,63	
56,63	
34,63	
14,63	
36,63	
27,63	
17,63	
29,63	
18,63	
19,63	
90,63	
81,63	
51,63	
30,63	
41,63	
53,63	
77,67	
44,67	
56,67	
34,67	
14,67	
36,67	
27,67	
17,67	
29,67	
18,67	
19,67	
90,67	
81,67	
51,67	
30,67	
41,67	
53,67	
77,77	
44,77	
56,77	
34,77	
14,77	
36,77	
27,77	
17,77	
29,77	
18,77	
19,77	
90,77	
81,77	
51,77	
30,77	
41,77	
53,77	
33,93	
55,93	
12,93	
14,93	
26,93	
81,93	
71,93	
50,93	
51,93	
85,93	
74,93	
31,93	
76,93	
65,93	
33,13	
55,13	
12,13	
14,13	
26,13	
81,13	
71,13	
50,13	
51,13	
85,13	
74,13	
31,13	
76,13	
65,13	
33,44	
55,44	
12,44	
14,44	
26,44	
81,44	
71,44	
50,44	
51,44	
85,44	
74,44	
31,44	
76,44	
65,44	
33,20	
55,20	
12,20	
14,20	
26,20	
81,20	
71,20	
50,20	
51,20	
85,20	
74,20	
31,20	
76,20	
65,20	
33,46	
55,46	
12,46	
14,46	
26,46	
81,46	
71,46	
50,46	
51,46	
85,46	
74,46	
31,46	
76,46	
65,46	
33,28	
55,28	
12,28	
14,28	
26,28	
81,28	
71,28	
50,28	
51,28	
85,28	
74,28	
31,28	
76,28	
65,28	
33,32	
55,32	
12,32	
14,32	
26,32	
81,32	
71,32	
50,32	
51,32	
85,32	
74,32	
31,32	
76,32	
65,32	
33,91	
55,91	
12,91	
14,91	
26,91	
81,91	
71,91	
50,91	
51,91	
85,91	
74,91	
31,91	
76,91	
65,91	
33,96	
55,96	
12,96	
14,96	
26,96	
81,96	
71,96	
50,96	
51,96	
85,96	
74,96	
31,96	
76,96	
65,96	
33,51	
55,51	
12,51	
14,51	
26,51	
81,51	
71,51	
50,51	
51,51	
85,51	
74,51	
31,51	
76,51	
65,51	
33,68	
55,68	
12,68	
14,68	
26,68	
81,68	
71,68	
50,68	
51,68	
85,68	
74,68	
31,68	
76,68	
65,68	
33,21	
55,21	
12,21	
14,21	
26,21	
81,21	
71,21	
50,21	
51,21	
85,21	
74,21	
31,21	
76,21	
65,21	
33,22	
55,22	
12,22	
14,22	
26,22	
81,22	
71,22	
50,22	
51,22	
85,22	
74,22	
31,22	
76,22	
65,22	
33,92	
55,92	
12,92	
14,92	
26,92	
81,92	
71,92	
50,92	
51,92	
85,92	
74,92	
31,92	
76,92	
65,92	
33,51	
55,51	
12,51	
14,51	
26,51	
81,51	
71,51	
50,51	
51,51	
85,51	
74,51	
31,51	
76,51	
65,51	
33,39	
55,39	
12,39	
14,39	
26,39	
81,39	
71,39	
50,39	
51,39	
85,39	
74,39	
31,39	
76,39	
65,39	
